   1.00000000       3.06800008    
   6.00000000       3.12533331    
   11.0000000       3.13854551    
   16.0000000       3.13074994    
   21.0000000       3.14057136    
   26.0000000       3.13769221    
   31.0000000       3.13522577    
   36.0000000       3.14811110    
   41.0000000       3.14751220    
   46.0000000       3.14243484    
   51.0000000       3.14337254    
   56.0000000       3.13114285    
   61.0000000       3.13619661    
   66.0000000       3.14187884    
   71.0000000       3.14890146    
   76.0000000       3.14563155    
   81.0000000       3.13254333    
   86.0000000       3.13679075    
   91.0000000       3.14123082    
   96.0000000       3.13558340    
   101.000000       3.13314843    
   106.000000       3.14732075    
   111.000000       3.14371181    
   116.000000       3.14203453    
   121.000000       3.13814878    
   126.000000       3.13295245    
   131.000000       3.14540458    
   136.000000       3.13673520    
   141.000000       3.14258146    
   146.000000       3.13909578    
   151.000000       3.14217210    
   156.000000       3.14205122    
   161.000000       3.14760256    
   166.000000       3.13725305    
   171.000000       3.14376616    
   176.000000       3.14206815    
   181.000000       3.14059663    
   186.000000       3.14492464    
   191.000000       3.14064932    
   196.000000       3.14320397    
   201.000000       3.14079595    
   206.000000       3.13518453    
   211.000000       3.13874888    
   216.000000       3.13988900    
   221.000000       3.13929415    
   226.000000       3.14447784    
   231.000000       3.14055419    
   236.000000       3.14198303    
   241.000000       3.14136100    
   246.000000       3.13876414    
   251.000000       3.13668537    
   256.000000       3.14920306    
   261.000000       3.13771653    
   266.000000       3.13530827    
   271.000000       3.14309955    
   276.000000       3.14226079    
   281.000000       3.14170814    
   286.000000       3.13648939    
   291.000000       3.14126468    
   296.000000       3.14212155    
   301.000000       3.14329576    
   306.000000       3.14324188    
   311.000000       3.13960123    
   316.000000       3.13551903    
   321.000000       3.13998747    
   326.000000       3.14365649    
   331.000000       3.13950443    
   336.000000       3.14380956    
   341.000000       3.13772440    
   346.000000       3.14146829    
   351.000000       3.13986325    
   356.000000       3.14024711    
   361.000000       3.14039898    
   366.000000       3.14271045    
   371.000000       3.14647985    
   376.000000       3.14574456    
   381.000000       3.14529133    
   386.000000       3.14036274    
   391.000000       3.14384651    
   396.000000       3.14540410    
   401.000000       3.13822436    
   406.000000       3.14459109    
   411.000000       3.14034057    
   416.000000       3.14121151    
   421.000000       3.13809037    
   426.000000       3.14288259    
   431.000000       3.13828301    
   436.000000       3.14541292    
   441.000000       3.14431739    
   446.000000       3.13990140    
   451.000000       3.13942361    
   456.000000       3.13992977    
   461.000000       3.14419079    
   466.000000       3.14355373    
   471.000000       3.14438224    
   476.000000       3.14169741    
   481.000000       3.14069843    
   486.000000       3.14269948    
   491.000000       3.14217520    
   496.000000       3.13935494    
   501.000000       3.14278650    
   506.000000       3.14286947    
   511.000000       3.14097857    
   516.000000       3.14036441    
   521.000000       3.14131284    
   526.000000       3.14483643    
   531.000000       3.14427876    
   536.000000       3.14052987    
   541.000000       3.14420700    
   546.000000       3.13752389    
   551.000000       3.14244652    
   556.000000       3.14126611    
   561.000000       3.14068460    
   566.000000       3.14341354    
   571.000000       3.14532399    
   576.000000       3.14124990    
   581.000000       3.14428234    
   586.000000       3.14622521    
   591.000000       3.13974953    
   596.000000       3.14297986    
   601.000000       3.13830948    
   606.000000       3.14154458    
   611.000000       3.13986254    
   616.000000       3.14262342    
   621.000000       3.14230585    
   626.000000       3.14447927    
   631.000000       3.14301753    
   636.000000       3.14234591    
   641.000000       3.14055538    
   646.000000       3.13971519    
   651.000000       3.14264822    
   656.000000       3.14109135    
   661.000000       3.14260221    
   666.000000       3.14202404    
   671.000000       3.14076304    
   676.000000       3.14169240    
   681.000000       3.14219093    
   686.000000       3.13852477    
   691.000000       3.14045739    
   696.000000       3.14191389    
   701.000000       3.14182591    
   706.000000       3.13953543    
   711.000000       3.13888597    
   716.000000       3.14284348    
   721.000000       3.14126492    
   726.000000       3.14150405    
   731.000000       3.14230919    
   736.000000       3.14228272    
   741.000000       3.14138198    
   746.000000       3.14120650    
   751.000000       3.14332366    
   756.000000       3.14232802    
   761.000000       3.14212871    
   766.000000       3.14080429    
   771.000000       3.14149427    
   776.000000       3.13935566    
   781.000000       3.14264798    
   786.000000       3.14575577    
   791.000000       3.14273071    
   796.000000       3.14458799    
   801.000000       3.13965034    
   806.000000       3.14284372    
   811.000000       3.14094687    
   816.000000       3.14067650    
   821.000000       3.14406323    
   826.000000       3.14060521    
   831.000000       3.14503980    
   836.000000       3.14299512    
   841.000000       3.13902974    
   846.000000       3.14636397    
   851.000000       3.14445591    
   856.000000       3.13962626    
   861.000000       3.14222074    
   866.000000       3.14233708    
   871.000000       3.14078999    
   876.000000       3.13945198    
   881.000000       3.14170265    
   886.000000       3.14246511    
   891.000000       3.14378452    
   896.000000       3.14075446    
   901.000000       3.13877034    
   906.000000       3.13923621    
   911.000000       3.14239740    
   916.000000       3.14201307    
   921.000000       3.14099455    
   926.000000       3.14219880    
   931.000000       3.14035225    
   936.000000       3.14115381    
   941.000000       3.13989806    
   946.000000       3.14169550    
   951.000000       3.14030695    
   956.000000       3.14068627    
   961.000000       3.14076996    
   966.000000       3.14198351    
   971.000000       3.13859940    
   976.000000       3.14427876    
   981.000000       3.14039135    
   986.000000       3.14421105    
   991.000000       3.14119482    
   996.000000       3.14197993    
