   0.00000000       1.00000000       0.00000000    
   5.00000007E-02   1.00000000       0.00000000    
  0.100000001      0.997349977       2.64999992E-03
  0.150000006      0.992049992       7.94999953E-03
  0.200000003      0.984120667       1.58793293E-02
  0.250000000      0.973603368       2.63966508E-02
  0.300000012      0.960559905       3.94401141E-02
  0.350000024      0.945072353       5.49276844E-02
  0.400000036      0.927242398       7.27576241E-02
  0.450000048      0.907190919       9.28091258E-02
  0.500000060      0.885056913      0.114943117    
  0.550000072      0.860996842      0.139003187    
  0.600000083      0.835183322      0.164816707    
  0.650000095      0.807804048      0.192196012    
  0.700000107      0.779060304      0.220939741    
  0.750000119      0.749165714      0.250834346    
  0.800000131      0.718344450      0.281655610    
  0.850000143      0.686829686      0.313170373    
  0.900000155      0.654861808      0.345138222    
  0.950000167      0.622686684      0.377313346    
   1.00000012      0.590553641      0.409446388    
   1.05000007      0.558713675      0.441286385    
   1.10000002      0.527417362      0.472582698    
   1.14999998      0.496913075      0.503086984    
   1.19999993      0.467444956      0.532555103    
   1.24999988      0.439250886      0.560749173    
   1.29999983      0.412560761      0.587439299    
   1.34999979      0.387594491      0.612405598    
   1.39999974      0.364560246      0.635439873    
   1.44999969      0.343652755      0.656347394    
   1.49999964      0.325051695      0.674948454    
   1.54999959      0.308920145      0.691080034    
   1.59999955      0.295403183      0.704596996    
   1.64999950      0.284626663      0.715373516    
   1.69999945      0.276695997      0.723304212    
   1.74999940      0.271695226      0.728304982    
   1.79999936      0.269686222      0.730313957    
   1.84999931      0.270708025      0.729292154    
   1.89999926      0.274776250      0.725223899    
   1.94999921      0.281882972      0.718117177    
   1.99999917      0.291996419      0.708003700    
   2.04999924      0.305061191      0.694938898    
   2.09999919      0.320998400      0.679001689    
   2.14999914      0.339706123      0.660293937    
   2.19999909      0.361060053      0.638939977    
   2.24999905      0.384914279      0.615085721    
   2.29999900      0.411102235      0.588897765    
   2.34999895      0.439437866      0.560562134    
   2.39999890      0.469716907      0.530283093    
   2.44999886      0.501718342      0.498281658    
   2.49999881      0.535205960      0.464794040    
   2.54999876      0.569930196      0.430069804    
   2.59999871      0.605629802      0.394370168    
   2.64999866      0.642033994      0.357966006    
   2.69999862      0.678864241      0.321135759    
   2.74999857      0.715836644      0.284163356    
   2.79999852      0.752663910      0.247336105    
   2.84999847      0.789057612      0.210942373    
   2.89999843      0.824730575      0.175269425    
   2.94999838      0.859398901      0.140601128    
   2.99999833      0.892784297      0.107215725    
   3.04999828      0.924616396       7.53836334E-02
   3.09999824      0.954634786       4.53652553E-02
   3.14999819      0.982591152       1.74088888E-02
   3.19999814       1.00825143      -8.25132802E-03
   3.24999809       1.03139746      -3.13973352E-02
   3.29999804       1.05182910      -5.18289804E-02
   3.34999800       1.06936586      -6.93657249E-02
   3.39999795       1.08384836      -8.38482082E-02
   3.44999790       1.09513974      -9.51396376E-02
   3.49999785       1.10312712     -0.103127047    
   3.54999781       1.10772240     -0.107722372    
   3.59999776       1.10886335     -0.108863302    
   3.64999771       1.10651410     -0.106513999    
   3.69999766       1.10066569     -0.100665562    
   3.74999762       1.09133649      -9.13363174E-02
   3.79999757       1.07857203      -7.85718784E-02
   3.84999752       1.06244516      -6.24450184E-02
   3.89999747       1.04305542      -4.30552997E-02
   3.94999743       1.02052867      -2.05285102E-02
   3.99999738      0.995016038       4.98411059E-03
   4.04999733      0.966693282       3.33068557E-02
   4.09999752      0.935759425       6.42407238E-02
   4.14999771      0.902435362       9.75648016E-02
   4.19999790      0.866962373      0.133037806    
   4.24999809      0.829600394      0.170399800    
   4.29999828      0.790626109      0.209374100    
   4.34999847      0.750330925      0.249669284    
   4.39999866      0.709018886      0.290981352    
   4.44999886      0.667004228      0.332995981    
   4.49999905      0.624609232      0.375390977    
   4.54999924      0.582161605      0.417838603    
   4.59999943      0.539992034      0.460008174    
   4.64999962      0.498431623      0.501568615    
   4.69999981      0.457809269      0.542190969    
   4.75000000      0.418449134      0.581551075    
   4.80000019      0.380668104      0.619332135    
   4.85000038      0.344773173      0.655227065    
   4.90000057      0.311059028      0.688941240    
   4.95000076      0.279805660      0.720194638    
   5.00000095      0.251276016      0.748724282    
   5.05000114      0.225713894      0.774286389    
   5.10000134      0.203341827      0.796658456    
   5.15000153      0.184359193      0.815641105    
   5.20000172      0.168940485      0.831059813    
   5.25000191      0.157233775      0.842766523    
   5.30000210      0.149359331      0.850640953    
   5.35000229      0.145408466      0.854591787    
   5.40000248      0.145442605      0.854557633    
   5.45000267      0.149492562      0.850507677    
   5.50000286      0.157558069      0.842442155    
   5.55000305      0.169607535      0.830392718    
   5.60000324      0.185578048      0.814422190    
   5.65000343      0.205375627      0.794624627    
   5.70000362      0.228875697      0.771124542    
   5.75000381      0.255923837      0.744076371    
   5.80000401      0.286336750      0.713663459    
   5.85000420      0.319903463      0.680096745    
   5.90000439      0.356386751      0.643613458    
   5.95000458      0.395524800      0.604475439    
   6.00000477      0.437033027      0.562967241    
   6.05000496      0.480606139      0.519394100    
   6.10000515      0.525920391      0.474079818    
   6.15000534      0.572635949      0.427364290    
   6.20000553      0.620399296      0.379600912    
   6.25000572      0.668846130      0.331154108    
   6.30000591      0.717603803      0.282396406    
   6.35000610      0.766294479      0.233705714    
   6.40000629      0.814537883      0.185462326    
   6.45000648      0.861954153      0.138046041    
   6.50000668      0.908167064       9.18331444E-02
   6.55000687      0.952806711       4.71934900E-02
   6.60000706      0.995512664       4.48753685E-03
   6.65000725       1.03593671      -3.59365232E-02
   6.70000744       1.07374573      -7.37455860E-02
   6.75000763       1.10862446     -0.108624339    
   6.80000782       1.14027798     -0.140277877    
   6.85000801       1.16843426     -0.168434143    
   6.90000820       1.19284642     -0.192846239    
   6.95000839       1.21329474     -0.213294551    
   7.00000858       1.22958887     -0.229588658    
   7.05000877       1.24156928     -0.241569072    
   7.10000896       1.24910891     -0.249108702    
   7.15000916       1.25211430     -0.252114087    
   7.20000935       1.25052667     -0.250526428    
   7.25000954       1.24432254     -0.244322270    
   7.30000973       1.23351431     -0.233514011    
   7.35000992       1.21815038     -0.218150035    
   7.40001011       1.19831502     -0.198314652    
   7.45001030       1.17412806     -0.174127698    
   7.50001049       1.14574420     -0.145743892    
   7.55001068       1.11335218     -0.113351882    
   7.60001087       1.07717335      -7.71730691E-02
   7.65001106       1.03746045      -3.74601148E-02
   7.70001125      0.994495571       5.50478697E-03
   7.75001144      0.948588490       5.14118820E-02
   7.80001163      0.900074363       9.99260396E-02
   7.85001183      0.849311233      0.150689185    
   7.90001202      0.796677530      0.203322902    
   7.95001221      0.742569208      0.257431239    
   8.00001240      0.687396765      0.312603682    
   8.05001259      0.631582320      0.368418157    
   8.10001278      0.575556159      0.424444318    
   8.15001297      0.519753635      0.480246812    
   8.20001316      0.464611799      0.535388649    
   8.25001335      0.410565883      0.589434564    
   8.30001354      0.358045995      0.641954422    
   8.35001373      0.307473689      0.692526698    
   8.40001392      0.259258628      0.740741730    
   8.45001411      0.213795274      0.786205053    
   8.50001431      0.171459705      0.828540623    
   8.55001450      0.132606536      0.867393792    
   8.60001469       9.75659788E-02  0.902434349    
   8.65001488       6.66410998E-02  0.933359206    
   8.70001507       4.01052088E-02  0.959895074    
   8.75001526       1.81995183E-02  0.981800795    
   8.80001545       1.13100931E-03  0.998869300    
   8.85001564      -1.09294532E-02   1.01092970    
   8.90001583      -1.78487357E-02   1.01784897    
   8.95001602      -1.95327662E-02   1.01953304    
   9.00001621      -1.59275755E-02   1.01592779    
   9.05001640      -7.02002458E-03   1.00702024    
   9.10001659       7.16176257E-03  0.992838442    
   9.15001678       2.65483111E-02  0.973451912    
   9.20001698       5.10289967E-02  0.948971212    
   9.25001717       8.04526061E-02  0.919547617    
   9.30001736      0.114628196      0.885372043    
   9.35001755      0.153326258      0.846673965    
   9.40001774      0.196280211      0.803719997    
   9.45001793      0.243188232      0.756811976    
   9.50001812      0.293715268      0.706284940    
   9.55001831      0.347495437      0.652504802    
   9.60001850      0.404134631      0.595865607    
   9.65001869      0.463213354      0.536786914    
   9.70001888      0.524289846      0.475710452    
   9.75001907      0.586903274      0.413097024    
   9.80001926      0.650577247      0.349423081    
   9.85001945      0.714823365      0.285176992    
   9.90001965      0.779144943      0.220855385    
   9.95001984      0.843040943      0.156959400    
   10.0000200      0.906009614       9.39907357E-02
   10.0500202      0.967552543       3.24477963E-02
   10.1000204       1.02717865      -2.71782726E-02
   10.1500206       1.08440781      -8.44074339E-02
   10.2000208       1.13877499     -0.138774604    
   10.2500210       1.18983376     -0.189833388    
   10.3000212       1.23716009     -0.237159729    
   10.3500214       1.28035569     -0.280355364    
   10.4000216       1.31905150     -0.319051147    
   10.4500217       1.35291052     -0.352910161    
   10.5000219       1.38163090     -0.381630570    
   10.5500221       1.40494859     -0.404948294    
   10.6000223       1.42263961     -0.422639310    
   10.6500225       1.43452203     -0.434521705    
   10.7000227       1.44045782     -0.440457523    
   10.7500229       1.44035435     -0.440354079    
   10.8000231       1.43416536     -0.434165061    
   10.8500233       1.42189157     -0.421891272    
   10.9000235       1.40358126     -0.403580993    
   10.9500237       1.37933028     -0.379329950    
   11.0000238       1.34928131     -0.349280983    
   11.0500240       1.31362355     -0.313623250    
   11.1000242       1.27259147     -0.272591114    
   11.1500244       1.22646308     -0.226462722    
   11.2000246       1.17555845     -0.175558120    
   11.2500248       1.12023747     -0.120237112    
   11.3000250       1.06089711      -6.08967468E-02
   11.3500252      0.997968912       2.03147531E-03
   11.4000254      0.931915700       6.80846870E-02
   11.4500256      0.863228321      0.136772066    
   11.5000257      0.792421997      0.207578391    
   11.5500259      0.720032513      0.279967874    
   11.6000261      0.646612108      0.353388250    
   11.6500263      0.572725475      0.427274883    
   11.7000265      0.498945266      0.501055062    
   11.7500267      0.425847799      0.574152529    
   11.8000269      0.354008555      0.645991743    
   11.8500271      0.283997715      0.716002584    
   11.9000273      0.216375604      0.783624709    
   11.9500275      0.151688308      0.848312020    
   12.0000277       9.04632807E-02  0.909537017    
   12.0500278       3.32050957E-02  0.966795206    
   12.1000280      -1.96086988E-02   1.01960897    
   12.1500282      -6.75314963E-02   1.06753182    
   12.2000284     -0.110151343       1.11015165    
   12.2500286     -0.147094443       1.14709473    
   12.3000288     -0.178028360       1.17802858    
   12.3500290     -0.202664942       1.20266521    
   12.4000292     -0.220762894       1.22076321    
   12.4500294     -0.232130066       1.23213041    
   12.5000296     -0.236625284       1.23662567    
   12.5500298     -0.234159887       1.23416030    
   12.6000299     -0.224698812       1.22469926    
   12.6500301     -0.208261281       1.20826173    
   12.7000303     -0.184921101       1.18492150    
   12.7500305     -0.154806480       1.15480685    
   12.8000307     -0.118099473       1.11809981    
   12.8500309      -7.50349760E-02   1.07503533    
   12.9000311      -2.58993022E-02   1.02589965    
   12.9500313       2.89716423E-02  0.971028686    
   13.0000315       8.91946107E-02  0.910805702    
   13.0500317      0.154341608      0.845658720    
   13.1000319      0.223942876      0.776057422    
   13.1500320      0.297490299      0.702509999    
   13.2000322      0.374440968      0.625559330    
   13.2500324      0.454221189      0.545779109    
   13.3000326      0.536230803      0.463769525    
   13.3500328      0.619847476      0.380152851    
   13.4000330      0.704431534      0.295568794    
   13.4500332      0.789330781      0.210669547    
   13.5000334      0.873885453      0.126114845    
   13.5500336      0.957433343       4.25669327E-02
   13.6000338       1.03931499      -3.93146724E-02
   13.6500340       1.11887860     -0.118878305    
   13.7000341       1.19548559     -0.195485294    
   13.7500343       1.26851535     -0.268515021    
   13.8000345       1.33737028     -0.337369978    
   13.8500347       1.40148079     -0.401480496    
   13.9000349       1.46030986     -0.460309535    
   13.9500351       1.51335740     -0.513357043    
   14.0000353       1.56016445     -0.560164094    
   14.0500355       1.60031736     -0.600317001    
   14.1000357       1.63345098     -0.633450627    
   14.1500359       1.65925217     -0.659251750    
   14.2000360       1.67746234     -0.677461982    
   14.2500362       1.68788040     -0.687880039    
   14.3000364       1.69036424     -0.690363884    
   14.3500366       1.68483257     -0.684832275    
   14.4000368       1.67126608     -0.671265841    
   14.4500370       1.64970791     -0.649707675    
   14.5000372       1.62026393     -0.620263636    
   14.5500374       1.58310223     -0.583101869    
   14.6000376       1.53845239     -0.538452089    
   14.6500378       1.48660445     -0.486604095    
   14.7000380       1.42790651     -0.427906156    
   14.7500381       1.36276305     -0.362762719    
   14.8000383       1.29163194     -0.291631609    
   14.8500385       1.21502125     -0.215020955    
   14.9000387       1.13348591     -0.133485571    
   14.9500389       1.04762340      -4.76230234E-02
   15.0000391      0.958069682       4.19307128E-02
