   0.00000000       1.00000000       0.00000000    
   5.00000007E-02  0.994700015       5.29999984E-03
  0.100000001      0.988116324       1.18836602E-02
  0.150000006      0.978965402       2.10346412E-02
  0.200000003      0.967328429       3.26715522E-02
  0.250000000      0.953287065       4.67130020E-02
  0.300000012      0.936959863       6.30400926E-02
  0.350000024      0.918466151       8.15339163E-02
  0.400000036      0.897958159      0.102041781    
  0.450000048      0.875589073      0.124410972    
  0.500000060      0.851540208      0.148459762    
  0.550000072      0.825993657      0.174006402    
  0.600000083      0.799154162      0.200845808    
  0.650000095      0.771227241      0.228772834    
  0.700000107      0.742434502      0.257565469    
  0.750000119      0.712998509      0.287001550    
  0.800000131      0.683150887      0.316849083    
  0.850000143      0.653124213      0.346875817    
  0.900000155      0.623152971      0.376846999    
  0.950000167      0.593472481      0.406527579    
   1.00000012      0.564312696      0.435687274    
   1.05000007      0.535904408      0.464095652    
   1.10000002      0.508465886      0.491534114    
   1.14999998      0.482216090      0.517783940    
   1.19999993      0.457354903      0.542645097    
   1.24999988      0.434082627      0.565917373    
   1.29999983      0.412574440      0.587425530    
   1.34999979      0.393005788      0.606994212    
   1.39999974      0.375521660      0.624478281    
   1.44999969      0.360267192      0.639732838    
   1.49999964      0.347352624      0.652647316    
   1.54999959      0.336888254      0.663111806    
   1.59999955      0.328946173      0.671053767    
   1.64999950      0.323598415      0.676401675    
   1.69999945      0.320876598      0.679123342    
   1.74999940      0.320812285      0.679187775    
   1.79999936      0.323395669      0.676604271    
   1.84999931      0.328616828      0.671383262    
   1.89999926      0.336424798      0.663575113    
   1.94999921      0.346768528      0.653231561    
   1.99999917      0.359557480      0.640442431    
   2.04999924      0.374701053      0.625299037    
   2.09999919      0.392071962      0.607927918    
   2.14999914      0.411542892      0.588457167    
   2.19999909      0.432953805      0.567046106    
   2.24999905      0.456144601      0.543855488    
   2.29999900      0.480927467      0.519072413    
   2.34999895      0.507114589      0.492885500    
   2.39999890      0.534496188      0.465503663    
   2.44999886      0.562862635      0.437137485    
   2.49999881      0.591988623      0.408011198    
   2.54999876      0.621649325      0.378350765    
   2.59999871      0.651611030      0.348388791    
   2.64999866      0.681640565      0.318359524    
   2.69999862      0.711503148      0.288496643    
   2.74999857      0.740964651      0.259035468    
   2.79999852      0.769796371      0.230203405    
   2.84999847      0.797770619      0.202229500    
   2.89999843      0.824671984      0.175327808    
   2.94999838      0.850286126      0.149713963    
   2.99999833      0.874417782      0.125581980    
   3.04999828      0.896872759      0.103127360    
   3.09999824      0.917481780       8.25179964E-02
   3.14999819      0.936076939       6.39231801E-02
   3.19999814      0.952520311       4.74794470E-02
   3.24999809      0.966675520       3.33245993E-02
   3.29999804      0.978440225       2.15595327E-02
   3.34999800      0.987713814       1.22862961E-02
   3.39999795      0.994432807       5.56695834E-03
   3.44999790      0.998535454       1.46466028E-03
   3.49999785      0.999999046       6.91507012E-07
   3.54999781      0.998802781       1.19732902E-03
   3.59999776      0.994965315       5.03439875E-03
   3.64999771      0.988507450       1.14926444E-02
   3.69999766      0.979488671       2.05110274E-02
   3.74999762      0.967970729       3.20293941E-02
   3.79999757      0.954051971       4.59477082E-02
   3.84999752      0.937833309       6.21668249E-02
   3.89999747      0.919448853       8.05508196E-02
   3.94999743      0.899035454      0.100964651    
   3.99999738      0.876758933      0.123240739    
   4.04999733      0.852787733      0.147212386    
   4.09999752      0.827314138      0.172685549    
   4.14999771      0.800532997      0.199467093    
   4.19999790      0.772657156      0.227342561    
   4.24999809      0.743901670      0.256098419    
   4.29999828      0.714493215      0.285506487    
   4.34999847      0.684660614      0.315339476    
   4.39999866      0.654637098      0.345362604    
   4.44999886      0.624658108      0.375341952    
   4.49999905      0.594956279      0.405043393    
   4.54999924      0.565766275      0.434233755    
   4.59999943      0.537312865      0.462686837    
   4.64999962      0.509822547      0.490177482    
   4.69999981      0.483505249      0.516494453    
   4.75000000      0.458572358      0.541427672    
   4.80000019      0.435212284      0.564787447    
   4.85000038      0.413614720      0.586385310    
   4.90000057      0.393940687      0.606059074    
   4.95000076      0.376352310      0.623647749    
   5.00000095      0.360978127      0.639021635    
   5.05000114      0.347947717      0.652052343    
   5.10000134      0.337353051      0.662646711    
   5.15000153      0.329287142      0.670712888    
   5.20000172      0.323802561      0.676197231    
   5.25000191      0.320952803      0.679047227    
   5.30000210      0.320749402      0.679250360    
   5.35000229      0.323204756      0.676795304    
   5.40000248      0.328288883      0.671710908    
   5.45000267      0.335972726      0.664027333    
   5.50000286      0.346185744      0.653814077    
   5.55000305      0.358858347      0.641141713    
   5.60000324      0.373881608      0.626118243    
   5.65000343      0.391147584      0.608852506    
   5.70000362      0.410512358      0.589487493    
   5.75000381      0.431833029      0.568167090    
   5.80000401      0.454935104      0.545064747    
   5.85000420      0.479645282      0.520354867    
   5.90000439      0.505763888      0.494235963    
   5.95000458      0.533092618      0.466907561    
   6.00000477      0.561412811      0.438587010    
   6.05000496      0.590507448      0.409492731    
   6.10000515      0.620145679      0.379854143    
   6.15000534      0.650098443      0.349901736    
   6.20000553      0.680130005      0.319869846    
   6.25000572      0.710006356      0.289993793    
   6.30000591      0.739494264      0.260505587    
   6.35000610      0.768362105      0.231638059    
   6.40000629      0.796386302      0.203613564    
   6.45000648      0.823344946      0.176655203    
   6.50000668      0.849031091      0.150968790    
   6.55000687      0.873239458      0.126760721    
   6.60000706      0.895786107      0.104213797    
   6.65000725      0.916488886       8.35113078E-02
   6.70000744      0.935192585       6.48073256E-02
   6.75000763      0.951743841       4.82563414E-02
   6.80000782      0.966021061       3.39788720E-02
   6.85000801      0.977904379       2.20957790E-02
   6.90000820      0.987309635       1.26902740E-02
   6.95000839      0.994154334       5.84582984E-03
   7.00000858      0.998394191       1.60573982E-03
   7.05000877      0.999986649       1.34930015E-05
   7.10000896      0.998928845       1.07110594E-03
   7.15000916      0.995219409       4.78073722E-03
   7.20000935      0.988896906       1.11030545E-02
   7.25000954      0.980001330       1.99988261E-02
   7.30000973      0.968611360       3.13885882E-02
   7.35000992      0.954807222       4.51929532E-02
   7.40001011      0.938705146       6.12947941E-02
   7.45001030      0.920423090       7.95770586E-02
   7.50001049      0.900111318       9.98886079E-02
   7.55001068      0.877921760      0.122078367    
   7.60001087      0.854034066      0.145965889    
   7.65001106      0.828629315      0.171370834    
   7.70001125      0.801910937      0.198089033    
   7.75001144      0.774083614      0.225916535    
   7.80001163      0.745368183      0.254631788    
   7.85001183      0.715986490      0.284013629    
   7.90001202      0.686169922      0.313830048    
   7.95001221      0.656150579      0.343849510    
   8.00001240      0.626163185      0.373836815    
   8.05001259      0.596442819      0.403557301    
   8.10001278      0.567220151      0.432779849    
   8.15001297      0.538726032      0.461274087    
   8.20001316      0.511179805      0.488820165    
   8.25001335      0.484800994      0.515199125    
   8.30001354      0.459790677      0.540209293    
   8.35001373      0.436350167      0.563649952    
   8.40001392      0.414656073      0.585343897    
   8.45001411      0.394885212      0.605114937    
   8.50001431      0.377184212      0.622815788    
   8.55001450      0.361699849      0.638300300    
   8.60001469      0.348544210      0.651455820    
   8.65001488      0.337829441      0.662170708    
   8.70001507      0.329629630      0.670370400    
   8.75001526      0.324018776      0.675981402    
   8.80001545      0.321030587      0.678969443    
   8.85001564      0.320698708      0.679301441    
   8.90001583      0.323015392      0.676984608    
   8.95001602      0.327972859      0.672027290    
   9.00001621      0.335522115      0.664477885    
   9.05001640      0.345614254      0.654385924    
   9.10001659      0.358160555      0.641839445    
   9.15001678      0.373072475      0.626927674    
   9.20001698      0.390224397      0.609775603    
   9.25001717      0.409490854      0.590509295    
   9.30001736      0.430713236      0.569286764    
   9.35001755      0.453733116      0.546267033    
   9.40001774      0.478363812      0.521636188    
   9.45001793      0.504418910      0.495581239    
   9.50001812      0.531689465      0.468310565    
   9.55001831      0.559966803      0.440033317    
   9.60001850      0.589026392      0.410973638    
   9.65001869      0.618643761      0.381356359    
   9.70001888      0.648585677      0.351414353    
   9.75001907      0.678619027      0.321381092    
   9.80001926      0.708509088      0.291490942    
   9.85001945      0.738021374      0.261978745    
   9.90001965      0.766927004      0.233073011    
   9.95001984      0.794997454      0.205002651    
   10.0000200      0.822016835      0.177983195    
   10.0500202      0.847769618      0.152230471    
   10.1000204      0.872059703      0.127940312    
   10.1500206      0.894691408      0.105308704    
   10.2000208      0.915494323       8.45056921E-02
   10.2500210      0.934298813       6.57013059E-02
   10.3000212      0.950965524       4.90344912E-02
   10.3500214      0.965356112       3.46440300E-02
   10.4000216      0.977366626       2.26334129E-02
   10.4500217      0.986894250       1.31058618E-02
   10.5000219      0.993873835       6.12617470E-03
   10.5500221      0.998241305       1.75879151E-03
   10.6000223      0.999972224       2.77999789E-05
   10.6500225      0.999043226       9.56849020E-04
   10.7000227      0.995471478       4.52855928E-03
   10.7500229      0.989275038       1.07250549E-02
   10.8000231      0.980512023       1.94880292E-02
   10.8500233      0.969241440       3.07586398E-02
   10.9000235      0.955560565       4.44394723E-02
   10.9500237      0.939567506       6.04325570E-02
   11.0000238      0.921395659       7.86044076E-02
   11.0500240      0.901179075       9.88209844E-02
   11.1000242      0.879083157      0.120916888    
   11.1500244      0.855273843      0.144726187    
   11.2000246      0.829943299      0.170056760    
   11.2500248      0.803284109      0.196715936    
   11.3000250      0.775509179      0.224490866    
   11.3500252      0.746831894      0.253168166    
   11.4000254      0.717479169      0.282520860    
   11.4500256      0.687678516      0.312321544    
   11.5000257      0.657663822      0.342336208    
   11.5500259      0.627669573      0.372330487    
   11.6000261      0.597929358      0.402070671    
   11.6500263      0.568677366      0.431322724    
   11.7000265      0.540139496      0.459860504    
   11.7500267      0.512542427      0.487457693    
   11.8000269      0.486097306      0.513902724    
   11.8500271      0.461016148      0.538984001    
   11.9000273      0.437488854      0.562511146    
   11.9500275      0.415706158      0.584293962    
   12.0000277      0.395830750      0.604169250    
   12.0500278      0.378026158      0.621973991    
   12.1000280      0.362422734      0.637577236    
   12.1500282      0.349151731      0.650848389    
   12.2000284      0.338307142      0.661692858    
   12.2500286      0.329983771      0.670016348    
   12.3000288      0.324236363      0.675763667    
   12.3500290      0.321120322      0.678879797    
   12.4000292      0.320649415      0.679350615    
   12.4500294      0.322837919      0.677162170    
   12.5000296      0.327658206      0.672341824    
   12.5500298      0.335082978      0.664917111    
   12.6000299      0.345044047      0.654955983    
   12.6500301      0.357473433      0.642526627    
   12.7000303      0.372264504      0.627735496    
   12.7500305      0.389310747      0.610689342    
   12.8000307      0.408470333      0.591529667    
   12.8500309      0.429601550      0.570398510    
   12.9000311      0.452531874      0.547468126    
   12.9500313      0.477088779      0.522911251    
   13.0000315      0.503074408      0.496925592    
   13.0500317      0.530290842      0.469709188    
   13.1000319      0.558521032      0.441478968    
   13.1500320      0.587547839      0.412452191    
   13.2000322      0.617141783      0.382858217    
   13.2500324      0.647073328      0.352926672    
   13.3000326      0.677107751      0.322892278    
   13.3500328      0.707010150      0.292989850    
   13.4000330      0.736547947      0.263452083    
   13.4500332      0.765488267      0.234511748    
   13.5000334      0.793607831      0.206392199    
   13.5500336      0.820683122      0.179316878    
   13.6000338      0.846507132      0.153492883    
   13.6500340      0.870872676      0.129127324    
   13.7000341      0.893595457      0.106404588    
   13.7500343      0.914490998       8.55089873E-02
   13.8000345      0.933403552       6.65964633E-02
   13.8500347      0.950177193       4.98227738E-02
   13.9000349      0.964689493       3.53105366E-02
   13.9500351      0.976817846       2.31820904E-02
   14.0000353      0.986477137       1.35229230E-02
   14.0500355      0.993581831       6.41812384E-03
   14.1000357      0.998086691       1.91339571E-03
   14.1500359      0.999946058       5.39114699E-05
   14.2000360      0.999155939       8.44172318E-04
   14.2500362      0.995711923       4.28801682E-03
   14.3000364      0.989651501       1.03486124E-02
   14.3500366      0.981011629       1.89883336E-02
   14.4000368      0.969869912       3.01301796E-02
   14.4500370      0.956303775       4.36962172E-02
   14.5000372      0.940428376       5.95716834E-02
   14.5500374      0.922359228       7.76407719E-02
   14.6000376      0.902245522       9.77545530E-02
   14.6500378      0.880237043      0.119762942    
   14.7000380      0.856512606      0.143487483    
   14.7500381      0.831251502      0.168748498    
   14.8000383      0.804656506      0.195343614    
   14.8500385      0.776930928      0.223069102    
   14.9000387      0.748295069      0.251705021    
   14.9500389      0.718970060      0.281029940    
   15.0000391      0.689186871      0.310813218    
