                               1738770812
                                563568908
                               1499753486
                               1341274363
                                662376382
                                  4626226
                                443569090
                               1149956893
                               2120161298
                                354780815
                               1386553633
                               1461856234
                                 57319511
                               1296347521
                               1491186632
                               1239563534
                                605456391
                               1128044051
                               1050729441
                                851685606
                               1301472787
                               1732186414
                               1568741366
                               1179404143
                                971369591
                                638031443
                               1008613030
                               1670769439
                                125793101
                               1080739859
                                578123887
                               1312149781
                                791798224
                               1944073956
                                 87289387
                                341396408
                               1920608119
                                833957976
                               1853422310
                               1218464435
                                327701253
                               1526888263
                               2128938238
                               1839923399
                               1975533840
                                552582613
                               1536687063
                               1461129019
                                719918888
                                753883418
                                365089026
                                690480503
                               2051669180
                                258988381
                               2015850645
                               1699775443
                                150914460
                                241142113
                                573851302
                                369774037
                               2122049088
                               2018096287
                                787574891
                               1829476576
                                341955086
                                572891030
                               1410351709
                               2004161224
                                656688573
                               1046384478
                                840336463
                               1682470969
                               1372395934
                               1884093958
                               1320777091
                               1909593045
                                387202900
                                843689890
                                 61460089
                                 20081616
                                356787533
                                753724707
                               1992600543
                               1777334883
                                169848811
                                643199614
                               1970717147
                               1202801948
                               1228770825
                               1748506223
                                977864413
                                274838800
                               2125870550
                               1820898711
                                 55182380
                               1884808803
                                450275124
                                 41637040
                               1861546005
                                314452892
                                 52500577
                               1908902369
                               1663913250
                                857941516
                               1217853454
                                796361821
                               1335037443
                               1065160645
                                731279123
                                559308480
                                761700441
                                749292120
                                508554832
                                296146364
                               1612329649
                               1475752897
                               1690300676
                               1969779016
                                468019760
                               1922991006
                                 80950492
                               1177770493
                               1431901452
                               1265955482
                               1793295145
                               2126000017
                               1849366933
                               1779219900
                               1786558472
                                571886550
                               1707925525
                               1837872873
                               1872081710
                               1294387773
                                765956701
                               1417293589
                                564737799
                               1817951700
                               2064376031
                               1222152085
                                 29009040
                                 76147411
                               2056766712
                                 33862825
                                 49333320
                                216421498
                               1706302515
                                329747567
                               1559549309
                               1307324728
                               1301511039
                                227604131
                                674254410
                               2070147298
                               1583072439
                               1523579590
                                207162302
                                705817927
                               2129716708
                               2038766807
                                304653717
                                714007171
                                179903561
                               2129658398
                               1058750637
                                372457017
                               2117737361
                                417860949
                                717444153
                               2110685213
                                  4010098
                                825724029
                                904428489
                                840361157
                               2097503027
                               1789309284
                               1707627247
                               1119681821
                                 93166886
                                340274339
                                241863612
                               1962666760
                               1191417400
                               1014717172
                               1183868977
                                849906984
                               1472943891
                               1723977068
                               1033216552
                                717819822
                               1982103155
                               1441393821
                               1890411387
                                123623944
                               1130940159
                                333492716
                                 79759142
                                482103866
                                263875731
                                405679862
                                   861409
                               1592799181
                               1792175212
                                483155262
                                754819127
                               1059164660
                                888490637
                               1408338468
                                379874442
                                 80864163
                               1874322637
                                302942216
                               2013580922
                                 59762981
                               1561558518
                                716362039
                               1103464391
                                257244045
                                616082904
                               1486705341
                               1084433342
                                377466905
                                419579097
                               1677070178
                                795614771
                               1664269975
                                410967650
                                825884798
                               1458989425
                               1266984529
                               1908618898
                               1194583447
                                539377926
                                796328295
                                771565961
                               1202845941
                               1968161176
                               1194270291
                               1718615975
                               1123639675
                                 40826007
                               1115416256
                               1416259929
                                371883355
                               1066134715
                               2070088084
                                587862741
                               1784311787
                               1466557401
                               1760421988
                               1530147597
                               1073989954
                                949103843
                                 79759385
                                486187967
                                185884534
                               1720140200
                                971485486
                                438395061
                                 89397370
                               1410528337
                                677780726
                               1207398194
                               1168466055
                               1818518217
                                848409015
                               2066382672
                                588029020
                                283995646
                               1406158688
                                251533981
                               1283801371
                               1081440988
                               1624580755
                               1221661327
                                370773922
                               1747247107
                               1290738271
                               1705802350
                                513409000
                                275769354
                                585822452
                               1852912916
                               1247014065
                               1272479382
                               1918816448
                                786114537
                                907627015
                                910896464
                                 25950985
                                219024554
                                358708120
                                820775711
                               1489910096
                               1259659452
                               1202617638
                                278556302
                                181417254
                               1800492885
                                691848318
                               1418215768
                               1031414723
                                499250877
                                690880910
                                191375041
                               1657294528
                               1286230506
                               1105723640
                               1721219989
                               1939630033
                                560203171
                                766386549
                                 51814337
                               1112684924
                                607919592
                               1724873965
                               1074978902
                                390483703
                                149571089
                               1285425833
                                466486411
                               1921798127
                               1507069609
                               1896785745
                               2030760147
                               1028188858
                               2116712644
                                375311506
                                701010103
                                781513679
                                890417901
                               1587609811
                                473779502
                               2090210685
                               1633485169
                                554292135
                                203852259
                                908500048
                                551576566
                               1807924310
                               1037756767
                               1863285682
                               1635916820
                                620861199
                                191130820
                               1847639475
                                663120705
                               1777044652
                               1734387335
                               2052398614
                               1781167384
                                158183708
                                  8825370
                                151621947
                               1394457887
                               1164667098
                                246473681
                               2134685151
                               1791526075
                                310527938
                                657791756
                                260228336
                               1380937860
                               1566839891
                               1433568523
                               1367130368
                               1432555723
                               1524869944
                                419305510
                               1373860763
                                733671197
                               2108190552
                               1025915611
                                417472314
                                628106649
                               1706324738
                                703249528
                               1912307655
                                914496583
                                403608902
                               1701458688
                                523925764
                                937362848
                                317351944
                               1532227307
                               1667937572
                               1922728313
                               2108320182
                               1057123374
                                940335187
                                881329636
                               1312478893
                               2028216314
                               1223660567
                               1759745897
                                904504395
                               2116113299
                               1039538326
                               1741176737
                                197761090
                               1613437721
                                771766178
                                272925766
                                 38279170
                               1260399737
                                759685751
                               1248135642
                                795471198
                               1398722211
                               1968200215
                               1850398764
                               1941334341
                               1287220316
                                561591134
                                471560573
                               1303892981
                               1606197679
                               1494948163
                                 35105641
                               1609989009
                                791322063
                                383686970
                               1880996496
                                801340785
                               1264623158
                                875762147
                                 81488091
                               1623262298
                                537190998
                                547851398
                               1476051497
                                266419935
                                216443550
                               2076930479
                               1771362215
                                718949144
                               1635265186
                                406266796
                               1275526559
                               1593112759
                                620029717
                               1248798375
                               1196606494
                                180990503
                               1070539769
                                943903017
                                716306330
                                167163228
                                603762720
                                579802965
                               1615126316
                               1234694932
                                383241163
                                830769188
                               1946553569
                                959955785
                               2079722231
                               1447697845
                                467960405
                                925411521
                               1314861873
                               1276771881
                               1048403143
                                408300766
                               1100721997
                               1410468321
                               1816575461
                                408763628
                                290109043
                               1074807011
                               1796478960
                               1949287547
                               1812767444
                                831931319
                                  3652816
                               1263336396
                                723989683
                                452258279
                               1160268420
                               1479820180
                               1329649353
                                701845189
                               1931902199
                               1674999600
                                355148677
                               1126759326
                                933192836
                               1098920611
                               1199344877
                               1107836997
                                733189089
                                447852337
                                124045224
                               1768942178
                                847576578
                                960515895
                                756072766
                                654238863
                                676297801
                               2053681483
                               1867510197
                               1770380074
                               1391974533
                                229125713
                                477679320
                               1062458754
                                417753673
                               1061940068
                                290132659
                               1471721123
                                500268115
                                607730800
                                699330468
                                469175645
                               2022597378
                               1275483683
                                872495827
                               1019022673
                                531980286
                               1018244341
                                335456244
                                868519533
                                761442472
                                708574431
                               1213639202
                                834388808
                                504481146
                                549182466
                                224991256
                               1856820872
                                356037500
                               1032821958
                                528329405
                               1934913137
                                740227038
                                623060595
                                649157393
                               1171377391
                               1357218488
                                199829382
                               2015483013
                               1963435360
                               1224375718
                                894386872
                               1722112351
                               1905172638
                               1255350096
                               1789715344
                               2089826726
                               1622737197
                                301753079
                               1355108186
                               1239205667
                               1033236663
                               1055825399
                                600105832
                               1395512112
                               1703157497
                               1158521216
                                 31849963
                                578900038
                               1472017756
                               1190811652
                               1571328771
                               1716247038
                               2111104809
                                613709129
                                245374562
                                841661294
                                326585469
                               2101259398
                                498127271
                               1133787691
                                947322806
                                210641584
                               1200052032
                                108089200
                               2031502685
                                623123142
                               1700384822
                               1802812725
                               1026693552
                                607424819
                               1999158742
                                331835832
                                149797165
                                790117871
                               1619668496
                                265702900
                               1050138187
                               1651897863
                                778795025
                                295156710
                                 11600400
                               1694394570
                               2056378770
                               2103656219
                               2126792172
                                130730489
                                311557742
                                785838408
                                561694206
                                 56408030
                               1009471883
                               1073126281
                               1465737261
                                861230890
                                667787450
                                754132928
                                263636302
                                676563953
                                 84447206
                               1964984222
                               1486295588
                                640165612
                                370369414
                               1391132092
                               1102605355
                                851811522
                               1270259352
                               1113994237
                               1138706713
                               2016946974
                                798424123
                               1636408805
                                299718506
                               1519778127
                                740483071
                                631239932
                                680320944
                                951169180
                                432139992
                                187151390
                               1537352522
                               1908080197
                                730570328
                               1531492797
                                 60446237
                                160140228
                                679802305
                                824338095
                               1233355868
                               1499912632
                               1868557538
                                 45687438
                               1217108487
                               1160603334
                                666268837
                               1000608001
                                274233150
                                536645588
                               2118563763
                               1422297481
                                913288410
                               1572681761
                                833629851
                                633592729
                               1569074477
                                335549779
                                293078631
                               1592548646
                               1876400761
                                870233932
                               1658059054
                               1250717106
                               1232463706
                               1537731427
                               1833885591
                               1429826193
                                746815821
                               1839070479
                                525409282
                                101046110
                               1769889640
                               1739184883
                               1080409264
                               1464264663
                               1881080068
                                 58451742
                                998401115
                               1837805794
                                744684957
                                385377583
                                230358129
                               1863542209
                               1652398815
                                608360701
                                548658340
                                  5940162
                               1052054972
                               1655048653
                                 47031380
                                182421564
                               1500061879
                                 81984573
                               1377700684
                                846714034
                               1496124416
                                477036989
                               1004219872
                                849406931
                               1658487708
                               2012653943
                               1659896104
                               2061245398
                                145210782
                               1016190082
                                169263583
                               1544690853
                                689357788
                                362067351
                               1444796306
                               1093918313
                                877584624
                                647087972
                                750356996
                               1226056588
                               1227481551
                               1554514575
                                440412623
                               1786307199
                                643708533
                               1934184192
                               1373750305
                               1024687238
                               1247043773
                               1771781738
                               1327421264
                               1909059012
                                  1644857
                               1875307835
                               1828779473
                               1510646847
                               1889882695
                               1975315735
                               1181859172
                               1430852701
                                819466601
                                962534796
                                328003521
                                164655598
                               1407698250
                                357148751
                                382264692
                               1599090267
                                152275264
                               1637338471
                                892229439
                               1969357919
                               1980577069
                               1562270183
                               1939897459
                                759864659
                               2107558751
                               1144654439
                               1048646447
                                202543800
                                392066105
                                975197739
                                553205469
                               1267609620
                               1677105100
                               1382548825
                                725041235
                                945823567
                                782735475
                               2097790450
                                177576704
                               1676878445
                               1868125534
                               1374930798
                               1537880266
                                 40455370
                               1328571138
                               1907638507
                               1897021086
                               1691169040
                               1531987235
                               1928014762
                                763355351
                                646077079
                                940147521
                               2022194468
                                946226254
                               1108244943
                               1147086570
                               1123282871
                                486472120
                                666676711
                               1413295378
                               2086282226
                                 32384166
                                967315271
                               1216551907
                                396097862
                                 17460934
                               1408141746
                               1368535082
                               1419263804
                               1465886599
                               1223671009
                               1935244591
                               2016007122
                                 34717088
                               1522029679
                               2075095536
                                996246272
                               2128581492
                                139060671
                                730489561
                                174041828
                                248275982
                                213703353
                               1119596087
                                799719195
                               1927847439
                                 98641337
                                  7575475
                                619473152
                                484545008
                                489960032
                               1305955226
                               1906611042
                               1808286007
                                674347305
                               1483949916
                               2018645601
                               1429960701
                                860008130
                               1591696600
                                440965521
                                341445650
                                600734766
                               1228587615
                                816779400
                                895904176
                               1453636915
                               1501662133
                               1207649787
                               1102022312
                               1790026056
                                869512369
                                268167948
                               1678010630
                               1569406006
                               1612590388
                               1563025976
                               1757608528
                               1488965611
                                418085586
                                197950918
                                508909623
                               1964151407
                                374075765
                               1406747586
                               1559208079
                               2014723059
                               2075790364
                               1936802233
                                278008805
                               1717053410
                                631413484
                               1449725761
                                191406265
                                 34592649
                               1578067053
                               1149919321
                               1488688694
                                 58908861
                                 91265560
                                596942962
                               1924247197
                               1866399806
                                287907713
                                584275700
                               1626455816
                                523556849
                               1179459384
                               1899805078
                               1237082350
                               1853869843
                                150216978
                               1403464021
                                 59422299
                                130683438
                               1668255232
                                819188992
                                591727627
                                169457732
                                512785802
                                539098803
                                400075328
                                294738939
                               1580057791
                                248514535
                               2075579977
                                548311571
                                620244520
                                564025102
                                577071456
                                803811140
                               1981690350
                                945831127
                                909796395
                                864444125
                                985536920
                                377645129
                               1267506218
                               2086711333
                                801934574
                                507016646
                                213658026
                                357785198
                                341611186
                               1235414671
                               1742476301
                                564696768
                               1128343683
                               1791677171
                                702514763
                                300530535
                                135164001
                               1811149928
                               1563627318
                               1126945287
                               1911155716
                                881210633
                               1459879119
                               1187686058
                                579077941
                                167066183
                               1120211052
                                398017715
                                 72175600
                               1874532292
                               1679130154
                               1057893051
                                991394644
                                 44164635
                               1393162230
                                863396369
                                555771004
                               1436883425
                               1246113460
                               1168396676
                                652465364
                                933871166
                               1762194686
                               1259111825
                                588585237
                               1042400177
                                448182613
                               1380026662
                               1284720634
                               1499108700
                               1241774296
                               1254511326
                                577409836
                                 48512859
                               1459319000
                                363700613
                                977743329
                                387263659
                               1864866403
                                285807256
                               1789116900
                                621713006
                               1622549187
                               1436836303
                                454134006
                                473357404
                               1438460540
                               1982881501
                               1638153161
                               1699822387
                                939902268
                                 47710944
                                866435477
                                 94451632
                                458163891
                               1631641542
                               1780707851
                               1024747165
                                106753215
                               1052439260
                               1671326128
                                892130536
                                307095198
                                945789045
                                202524221
                                 63001852
                                162688593
                                560499920
                               1458879698
                               1570286487
                               1378449026
                                539196146
                               2036119129
                                902286158
                               1341426039
