  0.686260402       5.81499236E-03
  0.978099942      0.732576609    
  0.925947666      0.414754391    
  0.402080357      0.777047992    
  0.764431477      0.846057415    
  0.799441755      0.686675429    
  0.217712536      0.954149842    
   9.45001468E-02  0.396484643    
  0.263968110      0.717229545    
  0.512059569      0.476821691    
  0.185060993      0.942043602    
  0.320217639      0.926364422    
  0.897676826      0.407252163    
  0.254640549      0.687078118    
  0.743919611      0.721994817    
   5.67588136E-02  0.567243636    
  0.945395589      0.663992345    
  0.263849616      0.719752371    
  0.520639896      0.877828538    
  0.394867957      0.663782477    
  0.545985103      0.192079023    
  0.371608913      0.272125274    
  0.631081045      0.609645665    
  0.578958392      0.314315587    
  0.554163039      0.701999664    
  0.818188429      0.508081734    
  0.293384492      0.329913825    
  0.913267732      0.861788988    
  0.291250676       8.75221416E-02
   5.01124114E-02  0.984611690    
  0.239290625      0.368377060    
  0.757557333      0.313143492    
  0.265921354       2.57429248E-03
  0.339968920      0.266133696    
  0.857410014      0.908840239    
  0.489903063      0.878030002    
  0.800933182       5.04559390E-02
  0.283914089       1.29910614E-02
  0.743911624      0.340777457    
  0.922630489      0.446632355    
  0.650782406      0.549892008    
  0.699837863       3.48626561E-02
  0.174678996      0.936677754    
  0.829953194      0.743385375    
   2.34498121E-02   7.83010423E-02
  0.120976232       5.61103085E-03
  0.247563347      0.304595560    
  0.797155201      0.337396532    
  0.787312388      0.623505294    
  0.359584421      0.253674388    
  0.535600007      0.505619943    
  0.829166114      0.954701424    
  0.794420481      0.666404247    
  0.824611008      0.255782336    
  0.237377241      0.933879614    
  0.599412978      0.714849889    
  0.334406048      0.482415587    
  0.362546265      0.958620906    
  0.315143406      0.541619539    
  0.615272820      0.999295354    
  0.890188754      0.157247603    
  0.402208805      0.860510767    
  0.923264980      0.604928970    
  0.314460963       4.14752848E-02
  0.145392135       7.50892311E-02
  0.605540037       2.46769413E-02
  0.311503112      0.745368838    
  0.432975501      0.414540887    
   1.90422200E-02  0.188837722    
   4.25833017E-02  0.795562863    
  0.697559237       2.53714286E-02
  0.877749801      0.417615980    
  0.340476483      0.871777594    
  0.388246417      0.966359377    
  0.257432580      0.602313519    
  0.669389606       8.32479373E-02
  0.431512207      0.148105696    
  0.425897747      0.212399900    
   6.32383525E-02  0.805096805    
  0.846991599      0.261978239    
  0.387600929       6.82540908E-02
  0.408597767      0.146474063    
  0.302843451      0.789702058    
  0.889938712      0.522288799    
  0.199526772      0.107618898    
  0.446409971      0.750759482    
  0.812495470       1.48141319E-02
  0.611050546      0.981114864    
  0.926722109      0.597204089    
  0.418036789      0.209154740    
  0.944514453      0.263794690    
  0.454731107      0.597120523    
  0.665613115      0.804329276    
  0.959367931      0.362360775    
   9.71584991E-02  0.197391823    
  0.942839682      0.564299166    
  0.307037532      0.176012516    
  0.379800439      0.242405117    
  0.305987060      0.102733277    
  0.724693179      0.638199389    
  0.918142080      0.216853842    
  0.214224830      0.662604809    
  0.476692706      0.398792028    
  0.774475813      0.497484028    
  0.615173697      0.213942975    
  0.224032998      0.739524424    
  0.322490990      0.187455162    
  0.106222875      0.558939517    
  0.287875772       9.62319672E-02
  0.328219444      0.370728463    
  0.384362668      0.833044648    
  0.983157218      0.981439650    
  0.923401415       5.57992458E-02
  0.607203662      0.817948639    
  0.271966457      0.263023466    
  0.940282404      0.635432124    
  0.326300234      0.707269251    
  0.127942622       7.43755251E-02
  0.331636220       2.95060072E-02
  0.809947968      0.907455564    
  0.795230508      0.605820119    
  0.439136028       1.89937949E-02
  0.559035242      0.228703514    
  0.705349147      0.819894612    
  0.803046286      0.969084084    
  0.798498571      0.395957500    
  0.365863353      0.857693434    
   6.53456673E-02  0.253727943    
  0.264576077      0.405660242    
  0.730206370      0.931875646    
  0.578949630       3.40619758E-02
  0.406902075      0.479603678    
  0.803166747      0.698949277    
  0.823642075      0.240236819    
  0.952385485      0.660324872    
  0.742911518       7.99254850E-02
  0.114062458      0.307587147    
   4.77919355E-02  0.617021441    
  0.239044726      0.279661030    
  0.624749124      0.262714982    
  0.158438891      0.450697243    
  0.882319927      0.868758023    
  0.151446238      0.216580987    
  0.356980741       7.66106769E-02
  0.775082409      0.595687151    
  0.809786618      0.713653386    
   8.37927014E-02  0.372090191    
  0.303971618      0.719719768    
  0.850766122      0.329920053    
  0.825794399      0.966310143    
  0.126412049      0.774682820    
  0.607354403       9.36895907E-02
  0.805620432      0.640888870    
   6.30513504E-02  0.419599116    
  0.704070389      0.202507704    
  0.311100602      0.546983242    
  0.667705357      0.147134021    
  0.124215506      0.881529987    
  0.689971447      0.874081254    
  0.350521952      0.683235943    
  0.222385943      0.146426424    
  0.640630782      0.988829672    
   8.10982883E-02  0.260428101    
   1.88772678E-02   1.49986763E-02
  0.270256341       8.27597678E-02
  0.198403046      0.943409741    
  0.560073972      0.887577891    
  0.162895367      0.521626890    
  0.782505155      0.982677639    
  0.563818753      0.862585425    
  0.102032587      0.473078877    
  0.861720681       3.67397517E-02
  0.939354658      0.485007048    
  0.733402133      0.513524115    
  0.289584428      0.800228894    
   4.55396548E-02  0.446898401    
  0.385009736       2.16211267E-02
  0.858703434      0.386260659    
  0.228418499      0.882804394    
   2.97418479E-02  0.293312103    
  0.871237695      0.696439505    
  0.891692042       5.90257533E-02
  0.668499291       4.58281711E-02
  0.467768133      0.234079435    
  0.778790593      0.173018947    
  0.133387730      0.929549396    
  0.847508550      0.937129140    
   7.65221566E-02  0.328960747    
  0.107909992      0.843316436    
  0.643202901      0.618858099    
  0.311551541      0.147910103    
  0.246941373      0.925215244    
  0.343622476       9.25476402E-02
  0.262907565      0.448181808    
  0.687229633      0.591744423    
  0.268742353      0.448019624    
  0.752732158      0.866015613    
  0.169466570      0.124854073    
  0.224581033      0.422428161    
  0.533485830      0.750158429    
  0.296768755      0.912818432    
  0.792462885      0.739540040    
  0.924182534      0.449106336    
  0.735883296      0.130272701    
  0.990812123      0.493363589    
  0.579027295      0.961938918    
  0.712050915      0.307325810    
  0.439330876      0.224956945    
  0.833987296      0.851408541    
  0.824335456      0.623162985    
  0.605724096      0.500463426    
  0.404852092      0.288329184    
  0.349125713      0.948723912    
  0.755823851      0.202526510    
  0.131275654      0.862957239    
  0.349844664      0.722254753    
  0.839268386      0.935202956    
  0.583901405      0.955857396    
  0.630994439       9.49119776E-02
  0.123950288      0.185656041    
  0.232431561      0.321120113    
  0.477133870       6.56422228E-02
  0.188708484      0.248791516    
  0.623393238      0.439047575    
  0.369961232       7.27842450E-02
  0.938467383      0.284767389    
  0.820912898       8.55454579E-02
   8.34518299E-02  0.762495935    
  0.574944079      0.269177079    
   8.52406919E-02   5.89843988E-02
  0.640262485      0.350823104    
  0.891442001      0.283878952    
  0.465292901      0.153592065    
  0.177881315      0.421884209    
  0.651268482      0.608145177    
  0.869487286       9.63372588E-02
  0.473285705      0.140262708    
  0.512790382      0.395406038    
  0.467459679      0.589182615    
  0.594955802      0.391977012    
  0.421722174      0.957560301    
  0.884326100      0.716093063    
  0.868391991      0.376113564    
   6.43738508E-02  0.340888470    
  0.931342602      0.312438786    
   7.47788101E-02  0.158585325    
  0.807400048      0.343673944    
  0.972734571      0.128128320    
  0.749816656      0.452784449    
  0.168693855      0.948321640    
  0.237621278      0.442116559    
  0.700907886      0.653096974    
  0.159198150      0.600547969    
  0.643301129      0.409897596    
  0.961929321      0.148947984    
  0.146478266      0.368720949    
  0.860335052       9.32145864E-02
  0.650826752      0.657553971    
  0.445651710      0.509576976    
   6.82001039E-02  0.459970713    
  0.239131778      0.728013933    
   8.77714530E-02  0.730008304    
  0.174865425      0.249760881    
  0.963224471      0.731043935    
  0.913857341      0.655606091    
  0.200506374      0.771874368    
  0.910578609      0.892167866    
   9.51186791E-02  0.665272117    
  0.659640491      0.228172526    
  0.577596664      0.895665765    
  0.667268813      0.454633534    
  0.786649942       2.59809140E-02
  0.225924581      0.661214173    
  0.114329927       2.65533142E-02
  0.543101907      0.281551629    
  0.913798392       3.80324461E-02
  0.209711507      0.211305514    
  0.621213078      0.411845505    
  0.728144765      0.887644529    
  0.928889394      0.641822934    
  0.843641996      0.117832333    
   9.11572203E-02  0.407956511    
   7.93710575E-02  0.525111198    
  0.989363194      0.544197798    
  0.227240235      0.332305372    
  0.226554483       5.64875379E-02
  0.701294422      0.386018962    
  0.655256808      0.820762217    
  0.901291311      0.550510049    
   2.66830949E-03  0.422113866    
  0.846277654      0.467554837    
  0.388266355      0.194266513    
  0.592581213       3.71914282E-02
  0.512091279       7.63113126E-02
  0.718224585      0.564200401    
  0.200497091      0.516571820    
  0.754646063       2.21095420E-02
  0.336227715      0.595057607    
  0.979201078      0.133427382    
  0.432368219      0.513970852    
  0.812830567      0.308409274    
  0.243821561      0.434726834    
  0.908991098      0.453837007    
  0.413711041      0.638420641    
  0.241512015      0.935412347    
   9.25396755E-02  0.474960834    
  0.314319581      0.666737199    
  0.769415975      0.851965070    
  0.574588835      0.976989090    
  0.114159219      0.255642891    
  0.674025357      0.590046406    
  0.344505221      0.909594595    
   9.90426987E-02  0.556129932    
  0.610701144      0.875762582    
   5.38145900E-02  0.942126572    
  0.461814165      0.321133018    
  0.710739315      0.282628298    
  0.395735741      0.133967787    
  0.130659014      0.596605420    
  0.985947371      0.147691816    
  0.817151129      0.256424636    
  0.859301746      0.728986382    
  0.284097731       7.44804814E-02
  0.830686450      0.793452263    
  0.347038686      0.551836193    
  0.679093361      0.711363077    
  0.522419393      0.878977358    
  0.302485019      0.972507656    
  0.865755320      0.936105192    
  0.749397099      0.119909570    
  0.117362119      0.320168853    
  0.505100131       7.81229287E-02
  0.218164533       1.20795742E-02
  0.691188931       2.13953052E-02
  0.812642634      0.590894163    
   8.48641396E-02  0.158595502    
  0.311562896      0.514734924    
  0.437513471      0.149563774    
  0.288763762      0.718311667    
  0.252503008      0.664255083    
  0.817941964      0.135624677    
  0.150973335      0.444032520    
  0.408919245      0.854724586    
  0.705871403      0.356014192    
  0.580436766      0.530490339    
  0.400967985      0.951347530    
   6.87849149E-02  0.298122287    
   6.80497885E-02  0.541198254    
  0.712842405      0.919146955    
  0.742061138      0.102590524    
  0.821703434      0.238971084    
  0.369840652      0.387134045    
  0.911758602      0.561848640    
  0.926833153      0.990299940    
  0.284821540      0.971484661    
  0.995431304      0.742659807    
  0.214207664      0.883111596    
  0.188330144      0.456446171    
  0.264671683      0.490655452    
  0.337077409      0.446131051    
  0.259922266      0.124359392    
  0.513628542      0.108272612    
  0.555002630      0.737831473    
  0.928991377      0.733312309    
  0.557726443      0.779494286    
  0.708289623      0.960855246    
  0.223406285       9.36975330E-02
  0.789356291      0.774398923    
  0.710974813      0.322727054    
  0.353788942       7.36990273E-02
  0.130870014      0.659583688    
  0.532357037      0.623437047    
  0.324319184      0.106289536    
  0.832579911      0.408189237    
  0.170276999      0.436441004    
  0.845578432      0.263813585    
  0.636894643      0.914941549    
  0.288306355      0.422367990    
  0.564762235      0.738889813    
  0.958640218      0.520599127    
  0.865850329      0.709043205    
  0.346782565      0.889610112    
  0.374535501      0.677224994    
  0.818176091      0.120020583    
   8.60404968E-02  0.185943991    
   8.26464817E-02  0.160665110    
   3.94497626E-02  0.298469573    
   3.21673639E-02  0.378245324    
  0.636869848      0.169224292    
  0.871833920      0.152779385    
  0.912903965      0.763062000    
  0.177024916      0.782606304    
  0.257730186      0.264277488    
  0.671010911      0.711875796    
  0.680394232      0.496889949    
  0.385968894      0.229468048    
  0.978997052      0.669376373    
   3.70629411E-03  0.208875492    
  0.291685164      0.570438445    
  0.352615803      0.358637869    
  0.414046645      0.626688778    
  0.881905913      0.757998228    
  0.192614362      0.676624298    
  0.269577652       2.46460009E-02
  0.791642010      0.225337937    
  0.127686620      0.254669935    
   2.91131996E-02  0.237599149    
  0.305529624      0.328897089    
   3.61697525E-02  0.773514330    
  0.905061483      0.455521226    
  0.368569613      0.945208609    
  0.549542844      0.121382363    
  0.166416198       7.33312964E-02
  0.956994414      0.479084253    
  0.204643890      0.969064832    
  0.449880868       7.21414685E-02
  0.147982270      0.481709033    
  0.137911156       8.35221335E-02
  0.872820437      0.756451905    
  0.492855936      0.687427700    
  0.429685920      0.597727656    
  0.731456637       8.60779919E-03
  0.591937184      0.671288848    
  0.688136518      0.351445347    
  0.510306895      0.741755307    
  0.728242815      0.681469321    
  0.577044487      0.455192834    
  0.386447072      0.425826073    
   1.59582701E-02  0.858587921    
  0.210652813      0.287565023    
  0.441889822      0.105198011    
  0.842289090       6.29918575E-02
  0.352283090      0.704126477    
  0.822019696      0.254060686    
  0.685361922      0.998109818    
  0.878247440      0.231460169    
  0.705166876      0.151116267    
  0.740071416      0.811121583    
  0.380504161      0.519950688    
  0.133337170      0.811215341    
  0.997815311       9.65101644E-02
  0.281939030       4.63344939E-02
  0.549289942      0.743823767    
  0.915680230      0.446209431    
  0.838120162      0.441662550    
  0.286000103       2.26217192E-02
  0.803729296      0.203242034    
  0.278326601      0.888917089    
  0.835040808       2.98265759E-02
  0.530415833      0.295261234    
  0.699183226      0.455320299    
  0.172783896      0.568083346    
  0.978884280      0.776571870    
  0.108590111      0.843172193    
   7.39752427E-02  0.195258498    
  0.301872909      0.709518015    
  0.577852011      0.869485795    
  0.959202766      0.447544783    
  0.320440948      0.885005176    
  0.650984406      0.281554997    
   9.47759598E-02   9.46718827E-02
  0.899495304      0.150278315    
  0.817825615      0.727562249    
  0.194975823      0.138649270    
  0.958755374      0.278320074    
  0.801327109      0.725463808    
  0.904865921      0.869844079    
   8.19249749E-02  0.469067186    
  0.913101077      0.612286806    
  0.489387006      0.704793274    
  0.127343789      0.461022317    
  0.267128825      0.402303636    
  0.634378314      0.516972005    
  0.996626079      0.748873949    
  0.294385880      0.323966682    
  0.743671358      0.907854021    
  0.884670079      0.302359074    
  0.649754465      0.748965025    
  0.423088580      0.855375826    
  0.849664032      0.301473349    
  0.303181052      0.862568915    
  0.563978136      0.196228892    
  0.780552685       1.90219749E-02
  0.748948157      0.702339709    
  0.571638644      0.223757476    
  0.530502021      0.691972673    
  0.147218078      0.984641254    
  0.294346154      0.865367174    
   7.55968317E-02  0.225766152    
  0.555998564      0.451744318    
  0.668241262      0.466811091    
  0.130527318      0.693950415    
  0.772744060      0.224280223    
  0.509117723      0.477674782    
  0.741448820      0.280241638    
  0.530591369       2.11408883E-02
  0.649153113      0.314910382    
  0.316655338      0.698816776    
   2.61633173E-02   1.33217163E-02
  0.726865649      0.898086607    
  0.430471301      0.141548112    
  0.931097984      0.999049664    
  0.963907897       2.72882003E-02
  0.400337756      0.632783234    
  0.476803720      0.187617317    
  0.640172660      0.284159541    
  0.382337987      0.869441330    
  0.954369783      0.699970007    
   9.28397030E-02  0.395481706    
  0.356880605      0.861178935    
   9.24677849E-02  0.834070563    
  0.106100358      0.223760694    
  0.228758022      0.746084213    
  0.736158967      0.436908454    
  0.624093115      0.120564811    
  0.133448154      0.332778275    
  0.863238275       4.42378921E-03
  0.445280731      0.350625366    
  0.833440423      0.960426927    
  0.633274317      0.894932628    
  0.441924602      0.133024752    
  0.427020580      0.746924162    
  0.935048640      0.554504633    
  0.362456858      0.559706867    
  0.812668324      0.993219793    
  0.516856253       4.48939018E-02
  0.802855015      0.531831324    
  0.584482670      0.488684833    
  0.400095552      0.325891137    
  0.405706435      0.252547652    
  0.708149731      0.568592548    
  0.872654557      0.334847510    
  0.704696238      0.782186925    
  0.829584360      0.215974569    
  0.824214041      0.884478688    
  0.565139174      0.433406264    
  0.294273943      0.259059906    
  0.862259150       1.96387824E-02
  0.989627182       6.90153986E-02
  0.663930714      0.941789508    
  0.683274984      0.656461716    
  0.802393556      0.152334794    
  0.828542888      0.291000277    
  0.320507884      0.841670156    
  0.775805831      0.950623572    
  0.968763471      0.130074680    
   7.61183351E-03  0.165082678    
  0.932085931      0.544464231    
  0.567871153      0.809982538    
  0.210932806      0.376604527    
  0.147658691      0.592190444    
  0.699703693      0.944789171    
  0.919964612       7.17489421E-02
  0.845491469      0.884510159    
  0.174968004      0.962695777    
  0.687170148       2.81342287E-02
  0.268602788      0.851973534    
  0.407247573      0.118787251    
  0.609737933      0.457288474    
  0.865572393      0.647273898    
  0.675449729      0.732684791    
  0.283388704      0.232937366    
  0.913912237      0.978300512    
  0.123149216      0.296483129    
  0.768885016      0.992073238    
  0.650946915      0.774909258    
  0.465042800      0.899856448    
  0.974447966      0.887245417    
  0.546785831      0.933520973    
  0.829410851      0.686565518    
  0.908531487      0.106484942    
  0.688317597      0.692384243    
  0.553911507      0.901555061    
  0.590211630      0.436376929    
  0.686398208      0.187100828    
  0.294900924      0.603737712    
  0.399682730       2.01670136E-02
  0.467583120      0.946990430    
  0.669734120       6.79121166E-02
  0.220896706      0.398984134    
  0.610845327      0.726534426    
  0.477015048      0.863801837    
  0.191779062      0.916987598    
  0.230597347      0.810784936    
  0.649581909      0.862354457    
  0.522706568      0.591082335    
  0.129218251      0.320753932    
  0.771223485      0.911118507    
  0.952938497      0.168338135    
   3.72728705E-02  0.258963883    
  0.445127636      0.406091899    
  0.260271102      0.186309502    
  0.376213074      0.303723216    
   1.28826890E-02  0.676063359    
  0.519346535      0.596531987    
  0.657197773      0.913473368    
  0.523257554      0.747234464    
  0.389660120      0.769676268    
   1.75148416E-02  0.948676169    
  0.371951252      0.400112331    
  0.384769440      0.688152254    
  0.820054293      0.775386035    
  0.652065217      0.913127244    
  0.259724230      0.929307222    
  0.185011089      0.866415322    
  0.481403023      0.842289448    
  0.940619230      0.358293742    
  0.987418354      0.843041003    
  0.540080309      0.990249395    
  0.129787460      0.121548787    
  0.337723315      0.870405257    
  0.115972988      0.900726557    
  0.158015385      0.510769427    
  0.764683187      0.501439750    
   3.07839550E-02  0.697454989    
  0.385947704      0.126083106    
  0.623155534       7.88854286E-02
  0.375092775      0.827454031    
  0.184500933       1.95060018E-02
  0.907067657      0.837381005    
   8.60632211E-02  0.862264991    
  0.464581132       8.80750716E-02
  0.215048939      0.277767748    
  0.327495813      0.442622870    
  0.221957862      0.162403017    
  0.445786893      0.507622302    
  0.340155959      0.608112693    
   1.34079717E-03  0.550033212    
  0.534778059      0.408036947    
   1.49121443E-02  0.877100825    
  0.628409028      0.434023947    
  0.670852482      0.640503943    
   1.73703544E-02  0.949477077    
  0.943561912      0.860747457    
  0.445251018      0.582282007    
  0.333867639      0.413871855    
  0.313181579      0.944223404    
  0.642998278      0.563070297    
  0.871799648      0.522654474    
  0.336750150      0.254073650    
  0.759675205      0.215753302    
  0.860726118      0.165810645    
  0.224249110      0.779521167    
  0.954677641      0.412640214    
  0.267548978      0.244055882    
  0.695485234      0.847227931    
   1.98445991E-02  0.360242486    
  0.528176665      0.595245898    
   6.56953454E-02  0.297573686    
  0.141608074      0.320952624    
   6.84338249E-03  0.250935465    
   1.67296082E-02  0.472512543    
  0.174516961      0.518552065    
  0.106454961      0.304738760    
  0.188553870      0.744435549    
   2.49055848E-02  0.727937698    
  0.588155329      0.448542088    
  0.126208127      0.646943688    
  0.180062085      0.182403699    
  0.303587943      0.658955336    
  0.402776986       6.27221912E-02
  0.472898990      0.171876058    
   1.35620078E-02  0.720946968    
  0.936665297      0.956026673    
  0.534061313      0.940063298    
  0.968619347      0.643930852    
  0.585663617      0.546318948    
  0.248167127      0.982700884    
  0.944864690      0.253676921    
  0.341107786      0.547890186    
  0.998369098      0.390295148    
  0.589902580      0.690749407    
  0.493030906      0.425144851    
  0.370209396      0.409728885    
  0.109217800      0.313415259    
  0.623592317      0.570387781    
  0.715702772      0.506956697    
  0.816747427      0.421507448    
   7.37300068E-02  0.275626332    
  0.180248573      0.451968133    
  0.437868834      0.228336334    
  0.261559188      0.648763359    
   2.55157053E-02  0.765444219    
  0.842444301      0.821380079    
  0.961602449      0.935421169    
  0.652124465      0.623192251    
  0.255387098      0.992444634    
  0.290880889       1.67674478E-02
  0.834887326      0.810487747    
  0.951752424      0.867119491    
  0.102594681      0.677035451    
  0.308805794      0.934625685    
   9.88176465E-02  0.253867418    
  0.828138590      0.749689162    
  0.525427103       2.55756825E-02
  0.853544116      0.850480676    
  0.515479386       2.87152752E-02
  0.662222087      0.617623150    
  0.966314793      0.392378837    
  0.852484703      0.711059570    
  0.710841537      0.778086424    
  0.113396831      0.298320830    
  0.860560596      0.878127337    
  0.441614807      0.685877562    
  0.220254511      0.543814838    
  0.817663789      0.895719290    
  0.475680351      0.354149461    
  0.759651661      0.190123364    
  0.465314478      0.403315336    
  0.540578723      0.520815790    
  0.506984413      0.351216346    
  0.886933804      0.893153906    
  0.696349442      0.237225518    
  0.544873774       4.92140613E-02
  0.693031669      0.140752971    
  0.783604980      0.635124981    
   4.92959879E-02  0.545606554    
  0.517661750       9.26377065E-03
  0.341268599      0.696201265    
  0.701150954       5.51491566E-02
  0.244273335      0.891867578    
  0.501813710      0.618508339    
  0.982718229      0.269328505    
  0.545287430      0.604096234    
  0.645876408       4.49138954E-02
  0.244600147      0.867840827    
  0.994664848      0.800543189    
  0.332410842      0.729188919    
  0.829011500      0.478661537    
  0.195815414      0.864396334    
   6.97382689E-02  0.909594119    
   9.10381898E-02  0.548694909    
   7.88102001E-02  0.914863884    
  0.563033640      0.117070474    
  0.905991375      0.603507698    
  0.997132480      0.153752759    
  0.805601597      0.122740775    
  0.745966017      0.904220045    
  0.450583786      0.226210803    
  0.961471856      0.924839079    
  0.457610488      0.770735264    
   5.95917478E-02  0.747506857    
  0.558537364      0.347898781    
  0.337896019      0.134757414    
   1.83820277E-02  0.867858052    
  0.946748257       9.04240683E-02
  0.998419225      0.757323980    
  0.432207763      0.344190329    
  0.115942016      0.806632698    
  0.637405336       7.53006488E-02
  0.871015906      0.577997267    
  0.164751545      0.400403827    
  0.979172170      0.587318540    
  0.946522892       6.30834699E-02
  0.210018247      0.243925512    
  0.776630342      0.656188905    
  0.826101601      0.567225039    
  0.289146960      0.351665437    
  0.693143129      0.441240937    
  0.656854331      0.936235666    
  0.750425816      0.312967807    
  0.407134473       4.99356166E-02
  0.708994567      0.267876476    
   7.21928030E-02  0.200146377    
  0.344480157      0.860059500    
  0.677749217       2.03319266E-02
  0.931565404      0.718683422    
  0.819320858      0.912507415    
  0.325212717      0.512628853    
  0.850349426      0.753454804    
  0.822735727      0.315396845    
  0.718968153      0.874907315    
  0.698238313      0.567528069    
  0.291624963      0.444103926    
  0.340713233       5.46165556E-02
  0.367266446      0.940465569    
  0.647378027      0.404857367    
  0.482457459      0.437673241    
  0.662383676      0.974358916    
  0.682604909       4.98909652E-02
  0.541077793      0.517437220    
  0.894410431      0.567792475    
  0.356033385      0.888135552    
  0.852881968      0.893782318    
  0.387454510      0.799356937    
  0.948159456      0.791967213    
  0.716082573      0.592558503    
  0.199957654      0.131213203    
  0.688352942      0.300226808    
  0.147846818      0.911887169    
  0.861415982       8.73258710E-02
  0.818694293      0.685851812    
  0.794762433      0.111439228    
  0.572562695      0.959075511    
   6.12743869E-02  0.182519481    
  0.838613987      0.604935110    
  0.585395098      0.144517258    
  0.735787809      0.901607931    
  0.386195093      0.324348956    
  0.780937672      0.333005756    
  0.219657212      0.827988684    
  0.778733015       5.48491580E-03
  0.165602386      0.184979960    
  0.279240161      0.958233714    
  0.189195484       3.40952240E-02
  0.808546722       3.84455696E-02
  0.244926244      0.154711619    
  0.475447774      0.238268167    
  0.850834131      0.572994828    
  0.969328701      0.324512899    
  0.507251024       8.82868916E-02
  0.367796302      0.837842226    
  0.552346170      0.614768982    
  0.282411367      0.422573745    
  0.487662345      0.196931913    
  0.141109541      0.834601223    
  0.628081143      0.142628491    
  0.159961507      0.157149836    
  0.473076075      0.217239350    
  0.989570200      0.141703725    
  0.706757903      0.614395261    
  0.480247259      0.141489789    
  0.515883803       1.89064592E-02
  0.458758533      0.760852277    
  0.354605138      0.644652784    
  0.848358750      0.679695725    
  0.365155816      0.646414995    
  0.173874125      0.296782315    
  0.302355677       2.04137452E-02
  0.692004740       9.37999934E-02
  0.523353696      0.496497571    
   5.93841309E-03  0.634554505    
  0.806908786      0.957584202    
  0.716275036      0.117311880    
  0.434063882      0.660822749    
  0.311622918      0.447730780    
  0.446348101       1.14518367E-02
  0.772731006      0.471011281    
  0.289744586      0.286361068    
  0.737247169      0.870378554    
  0.913410246      0.452494711    
  0.685955286       7.85668716E-02
  0.850990653      0.473426968    
  0.600170553      0.887099445    
   6.62731305E-02  0.480862051    
  0.852457464      0.848366022    
  0.252842396      0.488194168    
  0.522034705       7.94415176E-02
  0.837105751      0.173625916    
  0.235894665      0.130728692    
  0.681521177      0.157093078    
  0.326079905      0.263306677    
  0.424739480      0.395320326    
  0.596420527      0.148488894    
   3.96449268E-02  0.652860045    
  0.312308282      0.618640006    
  0.965409696      0.482508332    
  0.640840411      0.517516255    
  0.604294956      0.895950794    
  0.384965688      0.245396793    
  0.118148886      0.383774787    
  0.728291035      0.102694735    
  0.387339801      0.990457773    
   1.98046882E-02  0.623355985    
  0.857386410      0.743718624    
   9.34113786E-02  0.679273486    
  0.965048075      0.549846828    
  0.562686384      0.275845706    
   6.95782453E-02  0.138908073    
  0.401615947      0.628028274    
  0.959443808      0.271206856    
  0.372535795      0.173392326    
  0.209257737      0.204787076    
  0.994737089      0.856426835    
  0.546648562      0.965533972    
  0.522228539      0.729643524    
   9.47380140E-02  0.119185828    
  0.261755794      0.156222284    
  0.329620987      0.627808332    
  0.939691424      0.574585676    
  0.394105434       6.14564493E-02
  0.730219364      0.898560047    
  0.796608806       9.82655436E-02
  0.604328096      0.549054325    
  0.942782342      0.956124365    
  0.342460990      0.582653880    
  0.742025137      0.663368583    
  0.216842502      0.235735923    
  0.471884012       1.37388408E-02
  0.954432786      0.908697724    
  0.151387453      0.482957542    
  0.368878126       6.73016384E-02
  0.734715939      0.138660997    
  0.371043533      0.475505441    
  0.128686979      0.820036054    
  0.841946602      0.345936775    
  0.596614599      0.159141004    
  0.301863462      0.682833433    
  0.419313282      0.381492823    
  0.398228317      0.750127852    
   2.34292410E-02  0.398845106    
  0.775261998      0.389917076    
  0.828847706      0.336387157    
  0.443257868      0.658809006    
  0.835034966      0.603348255    
  0.432406217      0.474254370    
  0.451462328      0.793289781    
  0.727334023      0.821270764    
  0.303282231       9.78444293E-02
  0.264476001      0.471300781    
   4.80848551E-02  0.152030483    
  0.162144050      0.176342741    
  0.155002698      0.792514026    
  0.130312443      0.782883942    
  0.161305085      0.930460572    
   5.44679910E-02  0.251158029    
  0.443548560      0.212851822    
  0.720465958      0.400572509    
  0.871285498      0.422295600    
  0.694920182      0.522233725    
  0.523234248      0.182205513    
  0.997590303      0.328076094    
  0.500479996      0.974701822    
  0.567730546      0.813565850    
  0.847760618      0.600750744    
  0.312528878      0.818085730    
  0.672666907      0.567239642    
  0.512630343      0.596403837    
  0.778154850      0.759413958    
  0.448656231      0.470266044    
  0.565304160      0.761243165    
   6.73444122E-02  0.214216724    
  0.857505202      0.340592146    
   8.98086056E-02  0.332340002    
  0.413274348      0.638620734    
  0.901903808      0.298238844    
  0.297130078      0.500232399    
  0.865138471      0.405972630    
  0.382447511      0.181999803    
  0.795507491      0.870793104    
   9.44248065E-02  0.419865161    
  0.997716367      0.673696816    
  0.618702531      0.822273850    
  0.533167124      0.956493378    
  0.939423323      0.784597576    
  0.888034225      0.731280327    
  0.191006988      0.628466785    
  0.254328400      0.641580522    
  0.497622550       4.38471176E-02
  0.542006075      0.938489735    
  0.496136665      0.197063878    
  0.569016576       5.26255704E-02
  0.461781979      0.477939427    
  0.169741541      0.727881193    
  0.846130371      0.499226987    
  0.912762284      0.507855296    
  0.795578122      0.523637414    
  0.281865031      0.773903430    
  0.305546790      0.995125830    
  0.325001925       7.94520229E-02
  0.307132930      0.350134015    
  0.982985198      0.702464700    
   3.26614678E-02  0.323924541    
  0.941312909      0.199731946    
  0.645765841      0.894825697    
  0.386205286      0.335018158    
  0.952256918      0.650089502    
  0.581839681       5.45995310E-02
  0.979235828      0.654349148    
   1.69901866E-02  0.646398425    
  0.554067075       1.83044467E-02
  0.205784202      0.642836034    
  0.615195692      0.145225644    
  0.593578517      0.807503462    
  0.273771554      0.710712910    
  0.278326273      0.951816261    
  0.829804957      0.175777733    
  0.531635582      0.296467125    
  0.199222699      0.723018289    
  0.335845649      0.768828452    
  0.557602465      0.700090051    
  0.624894440      0.413010150    
  0.601126969      0.461433202    
  0.141377315      0.307657927    
  0.128556535      0.806668699    
  0.649655342      0.681147695    
  0.757551134       4.97152358E-02
  0.161431491      0.564000249    
  0.178959399      0.152680889    
  0.770753384      0.107698783    
   5.19917607E-02   9.34983641E-02
  0.825546503      0.426974714    
  0.959817410      0.163822562    
  0.651240528      0.365737677    
  0.399795592      0.953008592    
  0.364468068      0.215556234    
  0.614984155      0.853745937    
   3.84424329E-02  0.908343494    
  0.101969719      0.529524505    
  0.805113852      0.718776822    
