                                    34479
                                   188801
                                   645817
                                    79597
                                   335682
                                   682405
                                   676584
                                   765909
                                   616596
                                   190627
                                   338653
                                   685854
                                   395709
                                   585612
                                   941414
                                   260319
                                   765981
                                   726892
                                   371979
                                   368376
                                   700877
                                   228569
                                   243787
                                   432101
                                   711274
                                   910703
                                   379954
                                   365042
                                   255661
                                   362546
                                   439602
                                   249918
                                   459006
                                   686508
                                   293234
                                   986178
                                   547047
                                   260420
                                   818576
                                    66667
                                   444488
                                   569582
                                   423654
                                   482711
                                     9909
                                    98188
                                   640883
                                   731019
                                   388778
                                   148333
                                     2678
                                     7171
                                    51423
                                   644324
                                   153416
                                   536469
                                   798987
                                   380226
                                   571811
                                   967819
                                   673616
                                   758515
                                   345005
                                    28450
                                   809402
                                   131597
                                   317770
                                   977772
                                    38083
                                   450314
                                   782698
                                   616159
                                   651913
                                   990559
                                   207132
                                   903665
                                   610432
                                   627226
                                   412455
                                   119127
                                   191242
                                   573502
                                   904544
                                   199847
                                   938823
                                   388625
                                    29390
                                   863772
                                   102067
                                   417672
                                   449899
                                   409110
                                   370992
                                   635064
                                   306284
                                   809888
                                   918572
                                   774519
                                   879681
                                   838661
                                   352272
                                    95561
                                   131904
                                   398665
                                   933782
                                   948823
                                   265085
                                   270057
                                   930783
                                   356993
                                   444002
                                   137776
                                   982226
                                   767915
                                   693447
                                   868741
                                   710925
                                   414355
                                   690066
                                   191084
                                   513095
                                   266479
                                    11057
                                   122257
                                   946774
                                   381007
                                   166334
                                   666999
                                   887666
                                   950927
                                   262159
                                   727341
                                    24930
                                   621504
                                   267222
                                   407597
                                   135314
                                   309878
                                    24374
                                   594091
                                   944116
                                   355021
                                    39910
                                   592808
                                   421324
                                   513912
                                   105543
                                   139324
                                   411176
                                    65702
                                   316752
                                   331829
                                   110485
                                   206935
                                   822094
                                   838544
                                   156039
                                   348169
                                   221652
                                   129609
                                   798492
                                   589474
                                   479596
                                    12323
                                   151856
                                    60244
                                   629339
                                    67576
                                   566515
                                   939245
                                   181170
                                   822568
                                   618114
                                    64916
                                   214087
                                   833243
                                   293897
                                   375446
                                   959698
                                    20251
                                   410103
                                   184470
                                    29180
                                   851472
                                     4566
                                    20848
                                   434639
                                   911060
                                    30323
                                   919484
                                   450826
                                   244082
                                   576022
                                   801344
                                   152206
                                   166666
                                   777555
                                   591778
                                   201201
                                   481842
                                   171712
                                   485010
                                   234700
                                    84090
                                    71128
                                    59192
                                   503692
                                   705630
                                   913696
                                   840380
                                   238544
                                   903239
                                   840691
                                   761357
                                   664481
                                   534999
                                   223930
                                   144644
                                   921886
                                   873796
                                   519449
                                   827263
                                   364071
                                   547693
                                   967622
                                   292334
                                   459167
                                   834333
                                   111554
                                   444294
                                   397158
                                   734476
                                   454994
                                    19540
                                   381811
                                   779639
                                   836970
                                   518780
                                   132688
                                   606105
                                   363271
                                   965819
                                   806340
                                   184195
                                   927798
                                   809128
                                   688120
                                   509134
                                   217429
                                   275370
                                   828636
                                   637620
                                   559264
                                   776221
                                   519040
                                   402521
                                    23155
                                   536154
                                   461111
                                   623354
                                   570209
                                   138303
                                   127719
                                   312142
                                   432628
                                   166986
                                   884324
                                    28936
                                   837292
                                    57893
                                   351599
                                   621856
                                   704884
                                   861453
                                   101271
                                   255815
                                   441314
                                   758046
                                   633738
                                   623852
                                   191317
                                   602194
                                   637613
                                   550337
                                   870813
                                   315280
                                   401478
                                   184584
                                    71253
                                    76990
                                   927460
                                   182051
                                   142566
                                   325064
                                   666604
                                   360892
                                   243035
                                    66011
                                   357452
                                   771932
                                   879012
                                   662096
                                   371113
                                   724858
                                   419120
                                   661574
                                   680157
                                   613544
                                   436239
                                   304465
                                   698936
                                   511532
                                   664987
                                   207710
                                   143444
                                   576181
                                   984544
                                   326887
                                   855110
                                   213112
                                   416724
                                   658892
                                   138667
                                   228536
                                   228703
                                   305062
                                    62823
                                   946729
                                   295799
                                   497048
                                    56714
                                   216477
                                   862291
                                   545768
                                   862709
                                   266818
                                   191845
                                   804504
                                   226686
                                   386542
                                   414717
                                   990190
                                   476236
                                   800727
                                   163728
                                   806857
                                    18218
                                   331895
                                   154291
                                   805712
                                   171826
                                   524174
                                   758382
                                   143257
                                   522568
                                    77314
                                   977454
                                   416322
                                   324007
                                   980536
                                   450847
                                   263017
                                   177942
                                   663355
                                    39856
                                   588500
                                   332250
                                   390062
                                   148363
                                    11579
                                   134073
                                   975569
                                   734873
                                    38326
                                   468882
                                   850329
                                    59408
                                   529310
                                   169076
                                   586693
                                   208676
                                   545672
                                   757931
                                   459400
                                    48360
                                   338689
                                   710238
                                   438016
                                   858016
                                   191456
                                   655399
                                   547849
                                   138526
                                   189452
                                   892060
                                   771043
                                   507307
                                   360392
                                   882393
                                   617406
                                   190168
                                   163868
                                   852721
                                   133103
                                   716408
                                   240422
                                   802738
                                   388296
                                   773783
                                   740131
                                   793897
                                   272446
                                   226822
                                   448219
                                   900271
                                   487873
                                    20064
                                   402564
                                    57774
                                   337835
                                   132487
                                   552805
                                   593368
                                    85583
                                   324449
                                   267153
                                   370725
                                   437025
                                   990850
                                   783722
                                   220173
                                   476149
                                   717870
                                   337336
                                   795576
                                   941171
                                   802851
                                   569728
                                   589993
                                    91740
                                   416227
                                   244915
                                   983357
                                   990989
                                    59198
                                   504403
                                   422386
                                   409932
                                    44244
                                   957531
                                   865615
                                   289328
                                   710691
                                    81697
                                   674399
                                   814011
                                   613908
                                   883032
                                   745513
                                   789633
                                   520274
                                   685035
                                   272951
                                   502248
                                   253053
                                    35820
                                   283072
                                   129757
                                   836879
                                   366460
                                   292931
                                   808570
                                   785444
                                   922277
                                   594864
                                   863178
                                    76259
                                   815435
                                   934239
                                   802509
                                    20695
                                   428283
                                   426328
                                   755563
                                   875446
                                   405698
                                   590867
                                   123811
                                   329163
                                   348280
                                   298958
                                   375885
                                   289533
                                   829358
                                   834692
                                   710734
                                   142818
                                   396981
                                   593914
                                   733839
                                   519677
                                    64184
                                   119585
                                   300572
                                   343527
                                    10799
                                   116618
                                   599757
                                   708459
                                   914154
                                   677535
                                    53676
                                   881112
                                   358356
                                   419022
                                   579436
                                   746078
                                   632382
                                   906993
                                   636302
                                   880235
                                   813655
                                    34459
                                   187422
                                   127006
                                   130524
                                    36514
                                   333272
                                    70225
                                   931550
                                   785402
                                   856301
                                   251402
                                   202965
                                   194791
                                   943533
                                   254522
                                   781448
                                   660976
                                   889272
                                   804689
                                   524386
                                   980676
                                   725416
                                   228373
                                   154227
                                   785967
                                   744125
                                   722015
                                   305660
                                   428035
                                   213961
                                   779309
                                   322517
                                    17215
                                   296356
                                   826878
                                   727226
                                   857655
                                   572099
                                   297265
                                   366480
                                   307590
                                   611608
                                    64345
                                   140279
                                   678197
                                   951170
                                   724368
                                   708999
                                   679582
                                   831694
                                   714909
                                    94878
                                     1834
                                     3363
                                    11309
                                   127893
                                   356619
                                   177111
                                   368306
                                   649309
                                   602177
                                   617139
                                   860545
                                   537697
                                   118063
                                   938871
                                   478754
                                   205392
                                   185873
                                   548772
                                   150707
                                   712599
                                   797334
                                   741507
                                   832631
                                   274382
                                   285481
                                   499401
                                   401358
                                    88244
                                   787003
                                   373722
                                   668133
                                   401705
                                   366907
                                   620746
                                   325596
                                    12755
                                   162690
                                   468036
                                    57697
                                   328943
                                   203497
                                   411029
                                   944838
                                   718846
                                   739571
                                   965264
                                   734589
                                   620998
                                   638516
                                   702682
                                   761993
                                   633332
                                   109422
                                   973174
                                    67634
                                   574357
                                   885963
                                   930437
                                   713010
                                   383260
                                   888227
                                   947203
                                   193523
                                   451151
                                   537224
                                   609626
                                   643859
                                   554411
                                   371556
                                    53861
                                   901007
                                   813614
                                   967740
                                   520707
                                   135779
                                   435936
                                    40196
                                   615718
                                   108655
                                   805909
                                   489316
                                   430147
                                    26441
                                   699126
                                   777163
                                   982328
                                   968299
                                   602953
                                   552320
                                    57382
                                   292693
                                   669192
                                   817932
                                    12756
                                   162715
                                   476171
                                   738821
                                   856470
                                   540860
                                   529539
                                   411552
                                   375048
                                   661002
                                   923644
                                   118238
                                   980224
                                   839090
                                    72028
                                   188032
                                   356033
                                   759497
                                   835693
                                   382790
                                   528184
                                   978337
                                   143285
                                   530591
                                   526809
                                   527722
                                   490509
                                   599079
                                   895648
                                   185339
                                   350544
                                   881095
                                   328399
                                   845903
                                   551885
                                   577053
                                   990164
                                   424746
                                   409164
                                   415178
                                   372771
                                   958218
                                   181735
                                    27610
                                   762312
                                   119585
                                   300572
                                   343527
                                    10799
                                   116618
                                   599757
                                   708459
                                   914154
                                   677535
                                    53676
                                   881112
                                   358356
                                   419022
                                   579436
                                   746078
                                   632382
                                   906993
                                   636302
                                   880235
                                   813655
                                    34459
                                   187422
                                   127006
                                   130524
                                    36514
                                   333272
                                    70225
                                   931550
                                   785402
                                   856301
                                   251402
                                   202965
                                   194791
                                   943533
                                   254522
                                   781448
                                   660976
                                   889272
                                   804689
                                   524386
                                   980676
                                   725416
                                   228373
                                   154227
                                   785967
                                   744125
                                   722015
                                   305660
                                   428035
                                   213961
                                   779309
                                   322517
                                    17215
                                   296356
                                   826878
                                   727226
                                   857655
                                   572099
                                   297265
                                   366480
                                   307590
                                   611608
                                    64345
                                   140279
                                   678197
                                   951170
                                   724368
                                   708999
                                   679582
                                   831694
                                   714909
                                    94878
                                     1834
                                     3363
                                    11309
                                   127893
                                   356619
                                   177111
                                   368306
                                   649309
                                   602177
                                   617139
                                   860545
                                   537697
                                   118063
                                   938871
                                   478754
                                   205392
                                   185873
                                   548772
                                   150707
                                   712599
                                   797334
                                   741507
                                   832631
                                   274382
                                   285481
                                   499401
                                   401358
                                    88244
                                   787003
                                   373722
                                   668133
                                   401705
                                   366907
                                   620746
                                   325596
                                    12755
                                   162690
                                   468036
                                    57697
                                   328943
                                   203497
                                   411029
                                   944838
                                   718846
                                   739571
                                   965264
                                   734589
                                   620998
                                   638516
                                   702682
                                   761993
                                   633332
                                   109422
                                   973174
                                    67634
                                   574357
                                   885963
                                   930437
                                   713010
                                   383260
                                   888227
                                   947203
                                   193523
                                   451151
                                   537224
                                   609626
                                   643859
                                   554411
                                   371556
                                    53861
                                   901007
                                   813614
                                   967740
                                   520707
                                   135779
                                   435936
                                    40196
                                   615718
                                   108655
                                   805909
                                   489316
                                   430147
                                    26441
                                   699126
                                   777163
                                   982328
                                   968299
                                   602953
                                   552320
                                    57382
                                   292693
                                   669192
                                   817932
                                    12756
                                   162715
                                   476171
                                   738821
                                   856470
                                   540860
                                   529539
                                   411552
                                   375048
                                   661002
                                   923644
                                   118238
                                   980224
                                   839090
                                    72028
                                   188032
                                   356033
                                   759497
                                   835693
                                   382790
                                   528184
                                   978337
                                   143285
                                   530591
                                   526809
                                   527722
                                   490509
                                   599079
                                   895648
                                   185339
                                   350544
                                   881095
                                   328399
                                   845903
                                   551885
                                   577053
                                   990164
                                   424746
                                   409164
                                   415178
                                   372771
                                   958218
                                   181735
                                    27610
                                   762312
                                   119585
                                   300572
                                   343527
                                    10799
                                   116618
                                   599757
                                   708459
                                   914154
                                   677535
                                    53676
                                   881112
                                   358356
                                   419022
                                   579436
                                   746078
                                   632382
                                   906993
                                   636302
                                   880235
                                   813655
                                    34459
                                   187422
                                   127006
                                   130524
                                    36514
                                   333272
                                    70225
                                   931550
                                   785402
                                   856301
                                   251402
                                   202965
                                   194791
                                   943533
                                   254522
                                   781448
                                   660976
                                   889272
                                   804689
                                   524386
                                   980676
                                   725416
                                   228373
                                   154227
                                   785967
                                   744125
                                   722015
                                   305660
                                   428035
                                   213961
                                   779309
                                   322517
                                    17215
                                   296356
                                   826878
                                   727226
                                   857655
                                   572099
                                   297265
                                   366480
                                   307590
                                   611608
                                    64345
                                   140279
                                   678197
                                   951170
                                   724368
                                   708999
                                   679582
                                   831694
                                   714909
                                    94878
                                     1834
                                     3363
                                    11309
                                   127893
                                   356619
                                   177111
