  0.422765195      0.726957977    
  0.222339392      0.481660485    
  0.745511472       5.56111932E-02
  0.499146461      0.199638426    
  0.996984661       1.48314238E-02
  0.866082668      0.275859356    
   2.26220489E-02   7.92909861E-02
  0.706339478      0.923136234    
  0.328667402      0.623853922    
  0.435865402      0.300067425    
  0.214603543      0.554770529    
  0.469151914      0.942179561    
  0.673449457      0.206273675    
  0.848513603       2.42905617E-02
   4.97301221E-02  0.280357599    
  0.513477087      0.241775453    
  0.556131601      0.525924087    
   3.84156704E-02  0.827382684    
  0.434206069      0.384039581    
  0.645859957       4.36462760E-02
  0.505887747      0.484803975    
  0.883021832      0.838602185    
  0.351017535       6.52265549E-03
  0.615464985      0.527601361    
  0.260704160      0.427490175    
  0.553828657      0.134985447    
  0.481801927      0.777362764    
  0.499652684      0.739337146    
  0.705620050      0.238611341    
  0.495669603      0.183664024    
   2.90556550E-02  0.622193873    
  0.871923625      0.185846329    
   4.04284596E-02  0.923825026    
  0.296180964      0.930304408    
  0.309334755       4.49525118E-02
  0.592562258      0.138546050    
  0.305293679      0.153961182    
  0.515000641      0.348123491    
  0.823351264      0.974080920    
  0.163897097      0.912912548    
   4.68718410E-02  0.404474497    
  0.456811607       7.32842684E-02
  0.752512157      0.354153037    
  0.962822914      0.328159928    
  0.183104992      0.193498254    
  0.501969695      0.895715594    
  0.456839025      0.389732659    
  0.490856051      0.852967143    
  0.680834949       8.43275189E-02
  0.579357445       7.82114863E-02
  0.619723976      0.676832318    
  0.242598176      0.495817423    
  0.408300340      0.744723618    
  0.673266649      0.544709325    
  0.113498211       8.44495296E-02
  0.960231125       6.82329535E-02
  0.427001953      0.994174838    
   1.49883628E-02   5.72772026E-02
  0.110591054      0.830901980    
  0.257236362      0.716667056    
   5.38754463E-02  0.309647024    
  0.881172359      0.616909206    
  0.608704984       9.04459953E-02
  0.152556539      0.528572142    
  0.192503095      0.131025970    
  0.962818623       2.43660808E-02
  0.994232595      0.379218817    
  0.109095931      0.926397204    
  0.908840418      0.765598118    
  0.448508084       5.64806461E-02
  0.613611400       4.07090187E-02
  0.983988881       1.18626952E-02
  0.266523600      0.127597868    
  0.968881547      0.776695251    
  0.707710922      0.497248948    
   8.06274414E-02  0.893919885    
  0.545526445      0.391553462    
  0.726184428      0.123485088    
  0.398968101      0.979900062    
  0.360000193      0.878294647    
  0.338887274      0.395980120    
  0.608817756      0.624822259    
  0.309052825      0.292175770    
   1.11641884E-02  0.175090671    
  0.264905870      0.660182893    
  0.341448486      0.266516268    
  0.525052488      0.287207901    
   8.14978480E-02  0.747046649    
  0.602448702      0.493720353    
  0.142429829      0.219139814    
  0.755431235      0.836072147    
  0.757607222      0.504140377    
  0.452634692      0.601681352    
  0.234546125      0.147129178    
  0.209015965      0.782781303    
  0.107554436      0.583446085    
  0.795938969      0.182204187    
  0.452676237      0.420770526    
  0.399580061      0.851503968    
  0.332363427      0.475689173    
  0.487923145       4.47097421E-02
  0.210923254      0.527813256    
  0.960731864       5.81128001E-02
  0.202662647      0.633852065    
  0.398090363      0.279222012    
  0.859898686      0.512988746    
  0.503519893      0.607039034    
  0.850272655      0.454559326    
  0.553978205      0.920781136    
   6.98934197E-02  0.126847744    
   5.81870079E-02  0.739823878    
  0.567857981      0.323170125    
  0.337869644      0.587697029    
  0.569532096      0.391072929    
  0.721421480      0.786283314    
   1.47243738E-02  0.495731771    
  0.988530517      0.199574530    
   2.56013870E-02  0.104496181    
   1.41252279E-02  0.214545548    
  0.267166615      0.825988233    
  0.923804224      0.495643497    
  0.343615115      0.621612906    
   3.50360870E-02  0.130103767    
  0.162547290      0.292880237    
  0.523567259       4.91039753E-02
  0.230181336      0.784540772    
  0.442579985      0.480578780    
  0.282632172      0.765130639    
   3.84609699E-02  0.204388678    
  0.810907185      0.540056288    
  0.431563675      0.565445244    
  0.584006250      0.913892865    
  0.959259212      0.442538917    
  0.170904160       6.77679181E-02
  0.130754113      0.687164605    
  0.646895349      0.991867065    
  0.715189040      0.967219949    
  0.970677197      0.814901352    
  0.232828915      0.553149164    
  0.663700879       1.73226595E-02
  0.539534152      0.899612308    
   6.60095811E-02  0.957676530    
  0.728951037      0.782847881    
  0.168783605      0.401734173    
  0.285627007      0.430375099    
  0.187454879      0.746340215    
  0.230329514      0.227224946    
   1.51397586E-02   1.84199810E-02
  0.322645366      0.525802612    
  0.173114002       9.84177589E-02
  0.723697901      0.565944016    
  0.677095830      0.256906986    
  0.556040823      0.464758098    
  0.422557831      0.886079550    
  0.924191535      0.571221232    
  0.505496442      0.661753595    
  0.860460699      0.997739792    
  0.821655929      0.530598760    
  0.898818314      0.323433697    
   3.22457552E-02  0.923248827    
  0.703516483      0.640427113    
  0.925232112      0.619287789    
   4.40376997E-03  0.177720368    
  0.839068770      0.592498899    
  0.790864050      0.472099900    
  0.643794894      0.480388463    
  0.245940447       6.97351694E-02
  0.160982132      0.458184719    
   7.30795860E-02  0.484361708    
  0.457536638      0.342424393    
  0.195471823       3.80043983E-02
  0.128286064      0.518407583    
  0.733058751      0.526451468    
   9.62642431E-02  0.767445207    
  0.487302542      0.832135916    
  0.189963698       5.46290874E-02
  0.320964396      0.328009665    
  0.939762712      0.263550401    
  0.609916151      0.554451048    
   9.23264623E-02  0.611544430    
  0.878084540      0.806163013    
  0.298878789      0.634739935    
  0.634904325      0.978110611    
  0.179205000       2.94278264E-02
  0.985222816      0.461801469    
  0.248278677      0.666147530    
  0.734955072      0.941215575    
  0.746987641      0.702992857    
  0.886679232      0.205000758    
  0.534887135      0.732123494    
   2.46614218E-02  0.393444657    
  0.596349955      0.307380617    
  0.996961951      0.176078320    
  0.276356697      0.140623987    
  0.266754270      0.178436339    
  0.704456091      0.406185567    
  0.295888245      0.859169483    
  0.405222118      0.312065244    
  0.802764356      0.566100001    
  0.597776175      0.925779998    
  0.997059643      0.530238390    
  0.101018965      0.165175021    
  0.416947961      0.450603843    
  0.291907489      0.918012202    
  0.218673944      0.794902921    
  0.484032214      0.870030403    
  0.344388306      0.560700476    
  0.625368476      0.857320964    
  0.748287082      0.971095800    
   3.72533798E-02  0.908105969    
  0.688569129      0.716473520    
  0.189361334      0.959920704    
  0.181484818      0.929249108    
  0.240504205      0.291238368    
  0.148094296       2.94660330E-02
  0.995553195      0.304803610    
   2.90463567E-02  0.380183399    
  0.996264458      0.461257041    
  0.940862358      0.979008198    
  0.572230816      0.940307260    
  0.254140854      0.350004017    
  0.581853390      0.357310951    
  0.366287470      0.433829904    
  0.854427278      0.185709894    
  0.178342462      0.695914090    
  0.681249738      0.329844058    
  0.555729628      0.292238772    
  0.381674767      0.972414315    
  0.536317408      0.424496412    
  0.210165679      0.853697777    
  0.290830553      0.999418974    
  0.935883045      0.755525887    
  0.500558972      0.279406786    
  0.348093390      0.663932681    
  0.550099611      0.697602928    
  0.657950342      0.343895197    
  0.185683250      0.146309078    
  0.312399209      0.949244440    
  0.288437307      0.220324755    
  0.158329725      0.330711424    
  0.220647633      0.729399860    
  0.765744865      0.766640067    
  0.186796069      0.612059832    
  0.843099356      0.475347459    
  0.694343805      0.514919758    
  0.499211311      0.625864148    
  0.195235610      0.243627250    
  0.626184821      0.977962196    
   3.19530368E-02   7.36011267E-02
  0.125654042      0.167812705    
  0.327262938      0.583126187    
   7.75266886E-02  0.686870098    
  0.905495942      0.650535941    
  0.506448567      0.852863729    
  0.592607915      0.472308815    
  0.825616956      0.865575969    
  0.765838385      0.637087047    
  0.992237449      0.845836699    
  0.354639351       4.05053496E-02
  0.337095380      0.118333697    
  0.761756361      0.367478907    
  0.575768590      0.632922351    
  0.619995832      0.431388319    
  0.688150525      0.875705659    
  0.369151354      0.324769735    
   7.52227306E-02  0.353648961    
  0.468923330      0.785416663    
  0.583614171      0.401539624    
  0.991678536      0.882539570    
  0.572290778      0.760769963    
  0.595330715      0.150169551    
  0.548604727       4.68324423E-02
  0.310309827      0.695716202    
  0.391534507      0.192253172    
  0.530295193      0.331598401    
  0.820987642      0.819823146    
  0.572284460      0.619609654    
  0.339062512      0.264316976    
  0.234101176       8.95750523E-03
  0.262982607      0.120802999    
  0.911172450      0.808794558    
  0.652029991      0.861457884    
  0.101343632      0.961132705    
  0.619114399       7.90393353E-03
  0.349319935      0.152240038    
  0.958716094      0.677838981    
  0.990956604      0.618345082    
  0.840804994      0.819595814    
  0.348668694      0.330909550    
  0.813563645      0.526816726    
   2.20090151E-03  0.235073924    
  0.280869007      0.161421657    
  0.963408411      0.104148746    
  0.614989221      0.462440252    
  0.762660861      0.175217092    
  0.566986859       5.33400178E-02
  0.291085243      0.876492381    
  0.634604931      0.348444462    
  0.615622401       9.84240174E-02
  0.164873302      0.457384527    
  0.673216462      0.992484033    
  0.391639650      0.857740462    
  0.730533123      0.885985136    
  0.655310571      0.841680110    
  0.807277441      0.568180859    
  0.197279930      0.878396928    
  0.382212698      0.622694194    
  0.429478347      0.777362704    
  0.208803356      0.405267835    
  0.588668823      0.395910442    
  0.656693339      0.976422191    
   8.21027160E-02  0.255449235    
  0.673415005      0.917431772    
  0.532351494      0.785920799    
  0.465264976      0.529745579    
  0.482326090      0.535344243    
  0.435283899      0.809046328    
  0.493039072      0.276500165    
  0.548806369      0.743603826    
  0.125868678      0.412310779    
  0.972552359      0.528407872    
  0.541359127      0.276228130    
  0.493022263      0.314864516    
  0.708772779      0.372922897    
  0.794094265      0.702971637    
   5.13001680E-02  0.848403871    
  0.966994047      0.554262757    
  0.760316133      0.503865123    
  0.983144343      0.372595727    
  0.747938216      0.162732244    
  0.128880739       1.05136037E-02
   9.84795094E-02  0.961807907    
  0.308488727      0.965928435    
   9.18276906E-02  0.523315609    
  0.394752562      0.209767938    
  0.963754833      0.255140007    
  0.687752724      0.432768106    
  0.334375083      0.127521515    
  0.542716622      0.266316652    
  0.443786979      0.154965281    
  0.641429007      0.476480842    
  0.459878683      0.269905627    
  0.805110455      0.833457172    
  0.407134652      0.211953104    
  0.913299322      0.545708239    
  0.365060568      0.632863104    
  0.962393224      0.331767976    
  0.623545408      0.903638184    
  0.104919851      0.759678304    
  0.883240879      0.787715673    
  0.922315419      0.851377368    
  0.168483913      0.659086943    
  0.957513988      0.850331485    
  0.612048626       4.09660339E-02
  0.427513659      0.408483148    
   2.28165388E-02  0.940815389    
  0.996827900      0.467312813    
  0.671247363      0.428261697    
  0.741359770      0.761734664    
  0.149267614      0.876506627    
  0.411111891      0.986959636    
  0.228479028      0.668229520    
  0.248598695      0.108671665    
  0.417327583      0.358634651    
  0.768637121      0.998465240    
  0.480583906      0.935274780    
   5.11440039E-02  0.546621323    
  0.674855351      0.987904787    
  0.881181002      0.508547246    
  0.767144501      0.982369602    
  0.366639614      0.719973624    
  0.826563895       5.91078997E-02
   8.26097727E-02  0.386175871    
  0.919228077      0.819193959    
   8.32313299E-02  0.837280333    
  0.139211059      0.690528154    
  0.460194945      0.207986057    
  0.693769574      0.140434027    
  0.568593800      0.364816964    
  0.709547281      0.485782325    
  0.822016656      0.400135458    
  0.570805669      0.443078756    
  0.236007631      0.448429286    
  0.458852530       8.14756155E-02
  0.887069762      0.488400221    
  0.396179616      0.355317056    
  0.538100064      0.714692652    
  0.872499228      0.560213387    
  0.886349261      0.509968936    
  0.825664103      0.170573473    
   5.58140874E-02  0.243973613    
  0.987534046      0.437337101    
  0.882869542      0.370638907    
  0.444410741      0.817674637    
  0.923952758       8.86393785E-02
  0.204461336      0.185302556    
   4.01093364E-02  0.464672208    
  0.708072782      0.910493553    
  0.388347983      0.754433870    
  0.194576144      0.893527627    
  0.482910752      0.675050318    
  0.452711582      0.875502825    
  0.693208456      0.458890796    
  0.230638683      0.394743383    
  0.578576326      0.966214418    
  0.662784934      0.238403440    
  0.202809691      0.859131455    
  0.203454196      0.903319359    
  0.855059326      0.881405711    
  0.113304079      0.509658754    
   5.23536205E-02  0.688524187    
  0.269559801      0.134084046    
  0.814044237      0.452376187    
   8.97696018E-02  0.758630157    
  0.478803039      0.403252363    
   4.10786867E-02  0.925710976    
  0.650611877      0.948158026    
  0.957693696      0.491844058    
  0.679494202      0.505277336    
  0.475877643      0.665749252    
  0.344883740      0.894260049    
  0.634075105      0.622318745    
  0.338672638      0.944122434    
  0.417314708      0.487239838    
  0.177762270      0.258009315    
   3.87344956E-02  0.855534136    
  0.719512463      0.558817029    
  0.747617424       7.61950016E-03
  0.966577888      0.687468052    
  0.924295902      0.381847858    
  0.568974674      0.857186735    
  0.676700354      0.948462665    
  0.875954509      0.979301631    
  0.844124496      0.356487572    
   7.09818006E-02  0.203099012    
  0.507506788      0.162835479    
   7.17706680E-02  0.770762503    
  0.639241934      0.932444811    
  0.697282374      0.669723153    
  0.343729675      0.120550811    
  0.377117991      0.707306623    
  0.142616510      0.498555183    
  0.877485335      0.192278922    
  0.584248483      0.964222550    
  0.199030936      0.333502531    
  0.579022229      0.906572104    
  0.549466133      0.421467423    
  0.970833719      0.997292280    
  0.211706758      0.781087637    
  0.743688703      0.344474316    
  0.770276368      0.521381795    
  0.745496452      0.794592321    
  0.532596648      0.406031370    
  0.317535877      0.644849658    
  0.193571389      0.657840014    
  0.975977540      0.581309259    
  0.639733434      0.112386167    
  0.549738288      0.560361266    
  0.307679772      0.916190386    
  0.524914920       3.93317938E-02
  0.163064301      0.900109291    
  0.452560663      0.987260878    
  0.382378757      0.582504749    
  0.457344711      0.835481346    
  0.638584912       7.51200914E-02
   7.23584890E-02  0.329371512    
  0.320241868      0.594129384    
  0.990300715      0.915487349    
  0.548312366      0.341278255    
  0.361352980      0.914008558    
  0.213661253      0.865512729    
  0.698620677      0.998937607    
  0.535102844      0.557223797    
  0.739339530       8.22055340E-03
  0.578359663      0.211815000    
  0.917283058      0.103079081    
  0.409286320      0.289097786    
   3.74497175E-02   9.72545147E-03
   5.42336702E-03  0.556760192    
  0.200003862      0.587823987    
  0.453699768      0.628604650    
  0.206340611      0.662474215    
  0.469072104      0.458086133    
  0.177856445      0.793150723    
  0.663983107      0.476360738    
  0.818192005      0.549173772    
  0.355255604      0.325951159    
  0.791827738      0.555065274    
  0.975190043      0.378023684    
  0.251112282      0.341404915    
   2.84302235E-02  0.985810161    
  0.961289048      0.136357844    
  0.842764735      0.188615680    
  0.554758489      0.124664068    
  0.129903018       9.28599238E-02
  0.381857157      0.343269289    
  0.873726070      0.266559303    
  0.754029393      0.180386007    
  0.109490573      0.288215399    
  0.784842074      0.569231391    
  0.693762183      0.948118865    
  0.453438818      0.620791137    
  0.266100824       5.05088568E-02
   8.54551792E-04  0.529556334    
  0.782824457      0.388997555    
  0.551504374      0.920753956    
  0.425737083       7.69549608E-03
  0.111773729      0.824891746    
  0.173269749      0.152695715    
  0.850173295      0.587458372    
   4.65238094E-02  0.740203381    
  0.795995414      0.485556483    
   3.13153267E-02  0.977112591    
  0.396932900       7.58239627E-02
   8.34899545E-02  0.961342812    
  0.430522561      0.301490307    
  0.983360112      0.861745179    
  0.217886686      0.458408058    
  0.927717507      0.240578532    
  0.409242034      0.613755107    
  0.375365376      0.633145511    
  0.423674166      0.941716909    
  0.943974018       4.08288240E-02
  0.965444803      0.403578579    
  0.112623215      0.428924978    
  0.505657136      0.439242899    
  0.708001614      0.133048952    
  0.499504030      0.772309303    
  0.596679688      0.968323886    
  0.591106653      0.772042155    
  0.434723914      0.977857828    
  0.554466605      0.294813931    
  0.318373442      0.795836508    
  0.635187447      0.463667750    
  0.529547870      0.194153249    
  0.160182774      0.289737821    
  0.253969848      0.859578550    
  0.961021125      0.327645421    
  0.547080815      0.507075787    
  0.902142406      0.521231949    
  0.953551710      0.915506661    
   8.25381875E-02  0.557006717    
  0.815382779       9.14313793E-02
  0.334144533       4.73168492E-02
  0.956275463      0.807730615    
  0.695991993      0.480259359    
  0.804719508      0.701958179    
  0.220717072      0.402330160    
  0.575529397      0.316815138    
  0.536249697      0.385921419    
  0.844669878      0.786034465    
  0.815729380      0.736516893    
  0.917076111      0.534611881    
  0.922115386      0.652153790    
   5.29974103E-02  0.683150351    
  0.697384894      0.847509384    
  0.721052647      0.967009842    
  0.138603449      0.238974750    
   2.84632444E-02  0.651174664    
  0.712248564      0.748831630    
  0.915031850      0.163034618    
  0.153399289      0.411197305    
  0.108904779       4.93646264E-02
  0.825676560      0.915832341    
  0.725865185      0.361233532    
  0.301477432      0.645931900    
  0.556055844      0.355152905    
  0.226754248      0.959531724    
  0.683134079      0.806016803    
  0.266177595      0.841981530    
  0.931758404      0.450683713    
  0.983259380      0.982235253    
  0.150024176      0.540506601    
  0.610286355      0.477022231    
  0.682195067      0.369219482    
  0.401868343      0.457818747    
  0.657101214      0.624503613    
  0.531257510      0.490318894    
  0.218484998      0.198557615    
  0.260787129       9.44510102E-02
  0.831249654      0.731004238    
  0.242221177      0.822931409    
  0.322468996      0.655701339    
  0.256415844       4.86950278E-02
  0.418036222      0.531373560    
  0.531822443      0.164094210    
  0.197926700       7.79318810E-03
  0.622304738      0.782707155    
  0.427076697      0.837003350    
  0.465862036      0.715070009    
  0.549107850      0.753342986    
  0.667936683       3.80197167E-02
   1.90477371E-02  0.261663675    
  0.483403325      0.560189545    
  0.678884685      0.799877107    
  0.177399576      0.812802732    
  0.827134728      0.118547082    
  0.368780851      0.234837532    
   4.86180186E-02  0.745054066    
  0.622229755      0.571736276    
  0.849988520      0.113907516    
  0.270426035      0.989073575    
  0.457310617       4.11691666E-02
  0.450730562      0.194540024    
  0.685854971      0.602569878    
  0.934950411       4.44083214E-02
   5.31079769E-02  0.365625858    
  0.199857771      0.904760480    
   8.39495659E-03  0.430875957    
  0.945323944      0.395740271    
  0.955946147      0.673594594    
  0.862660468       9.81870294E-02
  0.102555394      0.382703841    
  0.978862882      0.716392040    
  0.872359455      0.865096569    
  0.612692714       9.78009701E-02
  0.507669091      0.581532359    
  0.470962584      0.714830399    
  0.944333732      0.239636600    
   8.16365480E-02  0.329764545    
  0.381488919      0.755009830    
  0.191150963      0.446920216    
  0.511805415      0.336352170    
  0.848720312      0.547999620    
  0.750983417      0.509983957    
  0.209279478       9.48588252E-02
  0.524701476      0.136466265    
  0.283438504      0.427885830    
  0.419602811      0.269728005    
  0.191061914      0.146870255    
  0.535414934      0.101104617    
  0.971720755      0.635759950    
  0.474828720      0.688308597    
  0.498388410      0.512097061    
  0.219278812      0.990891933    
  0.570742428      0.941973388    
   9.45287347E-02  0.564795732    
  0.426688910      0.417604446    
  0.116132855      0.344992518    
  0.451462388      0.806297660    
  0.956937075      0.627146900    
  0.384713113      0.679142654    
  0.975166082      0.737890303    
  0.568066299      0.315957248    
  0.586579680      0.133783579    
  0.988571823      0.428627074    
  0.512458920      0.882954478    
  0.978052557      0.722219467    
  0.192654192      0.700912714    
  0.818133831       8.99907947E-02
  0.803002894      0.698131263    
  0.786301970      0.931197226    
  0.799913466      0.651572645    
  0.949662030      0.233716846    
  0.694331288      0.264379025    
  0.935611725      0.737934589    
  0.361297607      0.674268663    
  0.174973726      0.572674990    
  0.294886351      0.785904050    
  0.860005021      0.876086652    
  0.724302590      0.753841698    
  0.490117133      0.410432339    
  0.778023839      0.165677905    
  0.669635475      0.525787413    
  0.994014204      0.315148413    
  0.753501832      0.880861044    
   7.35732913E-02   2.46853828E-02
  0.979839385      0.336660385    
  0.758147418      0.291719317    
  0.667879403      0.687084079    
  0.993088543      0.849898994    
  0.121620536       1.54583454E-02
  0.786612689      0.459915102    
   9.23359394E-02  0.694507480    
  0.920130730      0.940495849    
  0.116972446      0.466332436    
  0.236692131      0.828322947    
  0.211956084      0.203614533    
  0.653709531      0.612809122    
  0.633876681      0.907842934    
  0.290786862      0.299493074    
  0.705914319      0.248019695    
  0.869253933      0.485623658    
  0.163439691       7.06706643E-02
   7.40037560E-02  0.995480359    
  0.436448634      0.397871673    
  0.116196215      0.173495114    
  0.228341222      0.471302152    
  0.664886892      0.234394133    
  0.500567377      0.978840590    
  0.980146527      0.626893103    
  0.184503317      0.383579910    
  0.543662071      0.199047685    
  0.402137101      0.413703620    
  0.706730127      0.370015562    
  0.945610762      0.105610907    
  0.822920978      0.407164335    
  0.547874808      0.488220155    
  0.946259320      0.574082673    
  0.761030495      0.133821607    
  0.790968895      0.293683410    
  0.585225582      0.546585798    
  0.750356734      0.940652549    
  0.537225604       4.62498069E-02
   1.63106322E-02   9.59115028E-02
  0.434819460      0.685026526    
  0.924290061      0.857371747    
  0.565090716      0.445345759    
  0.275646627      0.876268685    
  0.230852962      0.558337390    
  0.789895296      0.244518101    
  0.572372794      0.775649309    
  0.638730288      0.538799405    
  0.155802250      0.144971251    
  0.124721050      0.688561261    
  0.526880205      0.489142418    
  0.873184741      0.988082767    
  0.870788038      0.592216253    
  0.840352118      0.195871711    
  0.471005678      0.770183265    
  0.574047089      0.804807246    
  0.703904688      0.868420482    
  0.275353611      0.355307043    
   9.72097516E-02  0.282827914    
  0.100530028      0.166292071    
   8.66977572E-02  0.644853115    
  0.991914511      0.444129407    
  0.355832219      0.247280359    
  0.557172000      0.604874909    
  0.450141132      0.548170567    
  0.279192865      0.279686987    
  0.772978544      0.492509484    
  0.249752522      0.327133834    
  0.888981283       9.85272527E-02
  0.703998625       7.06779957E-02
  0.995758414      0.964166880    
  0.854847133      0.654416919    
  0.681662261      0.677516997    
  0.568066061      0.739523947    
   5.73205948E-03  0.567715466    
   3.14290524E-02  0.589228988    
  0.901223481      0.565796435    
  0.725835025      0.604272485    
  0.893695354      0.376706898    
  0.667871594      0.733817756    
  0.682988524      0.770246327    
  0.730019927      0.433875918    
  0.654627264      0.262259424    
  0.489190340      0.561528087    
  0.598637998      0.330496788    
  0.117728353      0.608315647    
  0.729858637      0.387520790    
  0.451262534      0.921230972    
  0.160344362      0.529195130    
  0.591819465      0.589693904    
   6.19023442E-02   1.47118568E-02
  0.309662342      0.131094337    
  0.747263432      0.375601470    
  0.549243152      0.875308633    
  0.936213493      0.326685488    
  0.488871336      0.319398701    
  0.641923726      0.663838089    
  0.568248630       2.23684311E-02
  0.853097439      0.719987452    
  0.286635935      0.119583249    
  0.794728816      0.483962178    
  0.373645186      0.448893964    
  0.673989236      0.705066144    
  0.117043257      0.956452906    
   4.71181273E-02  0.320859730    
   1.18647814E-02  0.218178034    
  0.272133648      0.586135983    
  0.238460422      0.168177903    
  0.471038759      0.415218771    
  0.289718628      0.922051549    
   2.80743837E-02  0.941367567    
  0.420114100      0.904290438    
  0.485490084      0.140554965    
   3.43967676E-02  0.572221756    
  0.268434644       4.29482460E-02
  0.246085703      0.512868524    
  0.119765520      0.557432294    
  0.790898919      0.902781785    
  0.906571269      0.373428702    
  0.523398101      0.599783301    
  0.398947358      0.424334884    
  0.564052045      0.334586501    
  0.927883029      0.786052942    
  0.246570051      0.145325303    
  0.215708375      0.516393781    
  0.605638325      0.597744942    
  0.526112378      0.975546181    
  0.471094549      0.663391292    
  0.503969371       3.14150453E-02
  0.649697721      0.578743160    
  0.488830447      0.952141762    
  0.493842363       2.18343735E-03
  0.353901327      0.954245627    
  0.750729203      0.257930160    
  0.526716828      0.183602333    
  0.995579064       3.71239781E-02
  0.305427551      0.539311171    
  0.933955729      0.957098007    
   5.13567328E-02  0.800183058    
  0.722100675      0.561815262    
   7.45900273E-02  0.568948090    
  0.746010959      0.183548450    
   9.96460915E-02  0.635212183    
  0.432359874      0.412315130    
  0.848852336      0.210839868    
   8.39775205E-02  0.559205353    
  0.766925216      0.297642112    
  0.944945991      0.523187757    
  0.544308841      0.929446578    
  0.707821429      0.656265914    
   1.24709010E-02  0.231171489    
  0.859129310      0.140074551    
  0.363951445       3.53693962E-03
  0.490505695      0.695030868    
   9.26842093E-02  0.807835221    
  0.105206549      0.628745139    
  0.390039086      0.318208814    
  0.745493770      0.420502365    
  0.162127733      0.675030410    
  0.767935157      0.256207287    
  0.438700557      0.823080063    
  0.437377334      0.201393664    
  0.727352023      0.335415542    
   3.84504199E-02  0.179040551    
  0.792891562      0.462992787    
  0.199827135      0.338640571    
  0.549684465      0.608174562    
  0.961961746      0.938746154    
  0.243007004      0.861157060    
  0.987858772      0.649353385    
  0.355968297      0.899026752    
  0.165326297      0.359521627    
  0.256859183      0.174596786    
  0.499321342      0.941979706    
  0.641856849      0.242861271    
  0.687120318      0.392499387    
   9.23495889E-02  0.980106056    
  0.925701320      0.477900982    
  0.184153736       4.26185131E-03
  0.468005180      0.562960804    
  0.827573359      0.591490805    
  0.987069011      0.963648677    
  0.303537011      0.161358893    
  0.872324467      0.178668201    
  0.395016015      0.460385442    
  0.601296842      0.515008152    
   3.43024731E-04  0.930963933    
  0.394442558      0.530899882    
  0.653870404      0.688543379    
  0.345820725      0.207299054    
  0.717362583      0.134956658    
  0.816000044      0.523135781    
  0.761195004      0.134016335    
  0.992688596      0.461857378    
  0.519273937      0.298274994    
  0.828776121      0.604996204    
  0.728020191      0.832934618    
  0.908109367      0.534713686    
  0.517277122      0.989183486    
  0.110194981      0.365923703    
  0.677965999       5.06470799E-02
  0.301960111       8.85605812E-03
  0.951679766      0.114110649    
  0.723098338      0.921946704    
  0.175574899      0.514213204    
  0.610626340      0.231109142    
  0.775238276      0.316174448    
   6.90432191E-02  0.239878118    
  0.151822567      0.738093257    
  0.867928505      0.541543305    
  0.569318354      0.483470440    
  0.125818193      0.103430629    
  0.273582399      0.471292913    
  0.984631658      0.160071135    
  0.771982849      0.387380123    
  0.865604460      0.482548237    
   7.14492798E-03  0.629575849    
  0.423590779      0.208158672    
  0.488053501      0.643216193    
   4.61365581E-02  0.531634033    
  0.615126669      0.691907406    
  0.883088052      0.993503094    
   3.62330079E-02  0.195396960    
  0.845518112      0.394473910    
  0.863644540      0.323800325    
  0.153637528      0.386558115    
  0.759315193      0.614511192    
  0.790084302      0.354262769    
  0.590746522      0.611889720    
  0.193659961      0.637030005    
  0.794316947      0.384051383    
  0.170420408      0.946756840    
  0.224504888      0.624612868    
  0.763963401      0.568836093    
  0.506317258      0.182466745    
  0.868014872      0.243369222    
  0.300540924      0.895271182    
  0.131440580      0.861184478    
  0.810557008      0.143353820    
  0.164244473       3.47781181E-02
  0.344087899      0.857359767    
  0.987519562       4.10300493E-02
  0.103550434      0.826505125    
  0.794823468      0.665163875    
  0.424455404      0.678467572    
  0.473500073      0.566233933    
  0.231345773      0.198607862    
  0.571412206      0.364489913    
  0.800763488      0.873707235    
  0.943002760      0.834562063    
  0.204010546      0.725838125    
  0.326553881      0.413858354    
  0.137919307      0.165858567    
  0.870974123       8.15210938E-02
  0.961735189       5.53238988E-02
  0.750459969      0.284558892    
  0.492968380      0.902232289    
  0.280864418      0.520694852    
  0.501150429      0.651256144    
  0.816009402       6.68347478E-02
  0.870507538      0.102938652    
  0.107270658      0.546093166    
  0.362949908      0.118373871    
  0.307464600      0.981731415    
  0.471009612      0.759780347    
   7.46381283E-03  0.442772388    
  0.634338319      0.346435010    
  0.283230126      0.179002285    
  0.881671667      0.207507730    
  0.203043401       9.13193822E-02
  0.790880144      0.195348382    
  0.859086514      0.722155392    
  0.175715089       6.14681840E-02
  0.353475451      0.324705541    
  0.394069314      0.739780664    
  0.223341644      0.120857239    
  0.336832941      0.175699055    
  0.274415255      0.797612846    
  0.408701301      0.579772115    
  0.145060837      0.889734328    
  0.127478719      0.514735281    
  0.725811541      0.593445361    
  0.289669454      0.394957185    
  0.254391313      0.779065132    
  0.929061115       8.56685042E-02
   1.34304762E-02  0.176031291    
  0.713085413      0.936169147    
  0.651011646      0.229723155    
  0.592409611      0.148516417    
  0.904540062      0.325374901    
  0.126367152      0.950017929    
  0.121009111      0.477245629    
  0.780258477      0.359221518    
  0.690191150      0.588643432    
  0.904730141      0.554715574    
  0.651019454      0.776934624    
  0.948696494      0.786350369    
  0.360600173      0.429111958    
  0.908870399      0.154591024    
  0.555218816      0.222164392    
  0.184783220      0.122283697    
  0.463735938       2.58767009E-02
  0.106066465      0.232255161    
  0.613986433      0.626562476    
  0.456748188      0.644262016    
  0.564448476      0.663270652    
  0.183869720       1.82387233E-02
  0.506591141      0.755542397    
  0.694012463      0.815294802    
  0.645178378      0.100554585    
  0.128496289      0.893848002    
  0.101220548      0.554499686    
  0.151881158      0.109496415    
  0.895680845      0.321736157    
  0.556060731      0.528876483    
  0.342089355      0.708122432    
  0.690350115      0.254729509    
   8.65569711E-02  0.972881258    
  0.580841959      0.402383208    
  0.460590363      0.519542694    
  0.357109964      0.304588079    
  0.831936955      0.947648585    
  0.897105575      0.843630731    
  0.572858095      0.621991098    
  0.384375453      0.207489252    
  0.667087495      0.746572256    
  0.991032362      0.605462790    
   3.06005478E-02  0.323434770    
  0.143586993      0.224798799    
  0.164827108       9.83898640E-02
  0.383651257      0.602686346    
   2.93105245E-02  0.804024518    
  0.139454246      0.310796857    
  0.925983191      0.680003703    
  0.158388257      0.698857486    
