   0.00000000      0.100000001       0.00000000    
  0.100000001      0.100000001      -9.98334214E-03
  0.200000003       9.90016684E-02  -1.99666843E-02
  0.300000012       9.70050022E-02  -2.98506878E-02
  0.400000006       9.40199345E-02  -3.95359807E-02
  0.500000000       9.00663361E-02  -4.89241295E-02
  0.600000024       8.51739198E-02  -5.79185933E-02
  0.700000048       7.93820620E-02  -6.64256886E-02
  0.800000072       7.27394968E-02  -7.43555576E-02
  0.900000095       6.53039441E-02  -8.16230923E-02
   1.00000012       5.71416356E-02  -8.81488472E-02
   1.10000014       4.83267494E-02  -9.38599035E-02
   1.20000017       3.89407575E-02  -9.86906961E-02
   1.30000019       2.90716887E-02 -0.102583788    
   1.40000021       1.88133083E-02 -0.105490550    
   1.50000024       8.26425292E-03 -0.107371770    
   1.60000026      -2.47292407E-03 -0.108198188    
   1.70000029      -1.32927429E-02 -0.107950896    
   1.80000031      -2.40878314E-02 -0.106621660    
   1.90000033      -3.47499996E-02 -0.104213111    
   2.00000024      -4.51713130E-02 -0.100738809    
   2.10000014      -5.52451946E-02  -9.62232128E-02
   2.20000005      -6.48675188E-02  -9.07015055E-02
   2.29999995      -7.39376694E-02  -8.42192993E-02
   2.39999986      -8.23595971E-02  -7.68322647E-02
   2.49999976      -9.00428221E-02  -6.86056167E-02
   2.59999967      -9.69033837E-02  -5.96134961E-02
   2.69999957     -0.102864735      -4.99383174E-02
   2.79999948     -0.107858568      -3.96699756E-02
   2.89999938     -0.111825563      -2.89050192E-02
   2.99999928     -0.114716068      -1.77457556E-02
   3.09999919     -0.116490647      -6.29929267E-03
   3.19999909     -0.117120579       5.32344356E-03
   3.29999900     -0.116588235       1.70087442E-02
   3.39999890     -0.114887357       2.86411736E-02
   3.49999881     -0.112023242       4.01046537E-02
   3.59999871     -0.108012773       5.12835607E-02
   3.69999862     -0.102884419       6.20638467E-02
   3.79999852      -9.66780335E-02   7.23341480E-02
   3.89999843      -8.94446224E-02   8.19868967E-02
   3.99999833      -8.12459290E-02   9.09194350E-02
   4.09999847      -7.21539855E-02   9.90350917E-02
   4.19999838      -6.22504763E-02  0.106244229    
   4.29999828      -5.16260527E-02  0.112465255    
   4.39999819      -4.03795280E-02  0.117625564    
   4.49999809      -2.86169723E-02  0.121662423    
   4.59999800      -1.64507292E-02  0.124523729    
   4.69999790      -3.99835594E-03  0.126168728    
   4.79999781       8.61851685E-03  0.126568556    
   4.89999771       2.12753713E-02  0.125706717    
   4.99999762       3.38460431E-02  0.123579338    
   5.09999752       4.62039784E-02  0.120195381    
   5.19999743       5.82235157E-02  0.115576625    
   5.29999733       6.97811767E-02  0.109757565    
   5.39999723       8.07569325E-02  0.102785110    
   5.49999714       9.10354406E-02   9.47181955E-02
   5.59999704      0.100507259       8.56272206E-02
   5.69999695      0.109069981       7.55934045E-02
   5.79999685      0.116629317       6.47080168E-02
   5.89999676      0.123100117       5.30715063E-02
   5.99999666      0.128407270       4.07925621E-02
   6.09999657      0.132486522       2.79870927E-02
   6.19999647      0.135285228       1.47771640E-02
   6.29999638      0.136762947       1.28986966E-03
   6.39999628      0.136891931      -1.23438314E-02
   6.49999619      0.135657549      -2.59903111E-02
   6.59999609      0.133058518      -3.95144969E-02
   6.69999599      0.129107073      -5.27811199E-02
   6.79999590      0.123828962      -6.56559914E-02
   6.89999580      0.117263362      -7.80072659E-02
   6.99999571      0.109462634      -8.97067487E-02
   7.09999561      0.100491956     -0.100631163    
   7.19999552       9.04288366E-02 -0.110663451    
   7.29999542       7.93624893E-02 -0.119694017    
   7.39999533       6.73930869E-02 -0.127621934    
   7.49999523       5.46308942E-02 -0.134356141    
   7.59999514       4.11952808E-02 -0.139816508    
   7.69999504       2.72136293E-02 -0.143934876    
   7.79999495       1.28201414E-02 -0.146655902    
   7.89999485      -1.84544921E-03 -0.147937879    
   7.99999475      -1.66392364E-02 -0.147753328    
   8.09999466      -3.14145684E-02 -0.146089479    
   8.19999504      -4.60235178E-02 -0.142948538    
   8.29999542      -6.03183731E-02 -0.138347805    
   8.39999580      -7.41531551E-02 -0.132319629    
   8.49999619      -8.73851180E-02 -0.124911107    
   8.59999657      -9.98762250E-02 -0.116183713    
   8.69999695     -0.111494593     -0.106212690    
   8.79999733     -0.122115865      -9.50863138E-02
   8.89999771     -0.131624490      -8.29050541E-02
   8.99999809     -0.139914989      -6.97805807E-02
   9.09999847     -0.146893054      -5.58346882E-02
   9.19999886     -0.152476519      -4.11981530E-02
   9.29999924     -0.156596333      -2.60095149E-02
   9.39999962     -0.159197286      -1.04138041E-02
   9.50000000     -0.160238668       5.43876458E-03
   9.60000038     -0.159694791       2.13941485E-02
   9.70000076     -0.157555372       3.72958407E-02
   9.80000114     -0.153825790       5.29862717E-02
   9.90000153     -0.148527160       6.83082566E-02
   10.0000019     -0.141696334       8.31064209E-02
   10.1000023     -0.133385688       9.72286835E-02
   10.2000027     -0.123662822      0.110527731    
   10.3000031     -0.112610050      0.122862518    
   10.4000034     -0.100323796      0.134099737    
   10.5000038      -8.69138241E-02  0.144115299    
   10.6000042      -7.25022927E-02  0.152795747    
   10.7000046      -5.72227165E-02  0.160039634    
   10.8000050      -4.12187502E-02  0.165758789    
   10.9000053      -2.46428717E-02  0.169879496    
   11.0000057      -7.65492208E-03  0.172343537    
   11.1000061       9.57943127E-03  0.173109025    
   11.2000065       2.68903337E-02  0.172151104    
   11.3000069       4.41054441E-02  0.169462398    
   11.4000072       6.10516816E-02  0.165053278    
   11.5000076       7.75570124E-02  0.158951908    
   11.6000080       9.34522003E-02  0.151203975    
   11.7000084      0.108572595      0.141872346    
   11.8000088      0.122759826      0.131036401    
   11.9000092      0.135863468      0.118791230    
   12.0000095      0.147742584      0.105246641    
   12.1000099      0.158267245       9.05260742E-02
   12.2000103      0.167319849       7.47653395E-02
   12.3000107      0.174796388       5.81113175E-02
   12.4000111      0.180607513       4.07205522E-02
   12.5000114      0.184679568       2.27578282E-02
   12.6000118      0.186955348       4.39467281E-03
   12.7000122      0.187394813      -1.41921435E-02
   12.8000126      0.185975596      -3.28221396E-02
   12.9000130      0.182693377      -5.13126776E-02
   13.0000134      0.177562103      -6.94805533E-02
   13.1000137      0.170614049      -8.71436074E-02
   13.2000141      0.161899686     -0.104122356    
   13.3000145      0.151487455     -0.120241687    
   13.4000149      0.139463291     -0.135332555    
   13.5000153      0.125930041     -0.149233714    
   13.6000156      0.111006670     -0.161793455    
   13.7000160       9.48273242E-02 -0.172871336    
   13.8000164       7.75401890E-02 -0.182339862    
   13.9000168       5.93062043E-02 -0.190086111    
   14.0000172       4.02975902E-02 -0.196013257    
   14.1000175       2.06962638E-02 -0.200041920    
   14.2000179       6.92071393E-04 -0.202111393    
   14.3000183      -1.95190683E-02 -0.202180594    
   14.4000187      -3.97371277E-02 -0.200228810    
   14.5000191      -5.97600117E-02 -0.196256146    
   14.6000195      -7.93856233E-02 -0.190283701    
   14.7000198      -9.84139964E-02 -0.182353467    
   14.8000202     -0.116649345     -0.172527939    
   14.9000206     -0.133902133     -0.160889447    
   15.0000210     -0.149991080     -0.147539213    
   15.1000214     -0.164745003     -0.132596284    
   15.2000217     -0.178004637     -0.116196200    
   15.3000221     -0.189624250      -9.84895900E-02
   15.4000225     -0.199473202      -7.96405971E-02
   15.5000229     -0.207437262      -5.98252937E-02
   15.6000233     -0.213419795      -3.92300151E-02
   15.7000237     -0.217342794      -1.80496797E-02
   15.8000240     -0.219147757       3.51389125E-03
   15.9000244     -0.218796372       2.52536759E-02
   16.0000248     -0.216270998       4.69591618E-02
   16.1000252     -0.211575076       6.84180632E-02
   16.2000256     -0.204733267       8.94180760E-02
   16.3000259     -0.195791453      0.109748676    
   16.4000263     -0.184816584      0.129202962    
   16.5000267     -0.171896294      0.147579581    
   16.6000271     -0.157138333      0.164684683    
   16.7000275     -0.140669867      0.180333927    
   16.8000278     -0.122636475      0.194354564    
   16.9000282     -0.103201017      0.206587493    
   17.0000286      -8.25422704E-02  0.216889292    
   17.1000290      -6.08533397E-02  0.225134149    
   17.2000294      -3.83399241E-02  0.231215730    
   17.3000298      -1.52183510E-02  0.235048786    
   17.4000301       8.28652829E-03  0.236570567    
   17.5000305       3.19435857E-02  0.235741928    
   17.6000309       5.55177778E-02  0.232548118    
   17.7000313       7.87725896E-02  0.226999193    
   17.8000317      0.101472512      0.219130084    
   17.9000320      0.123385519      0.209000230    
   18.0000324      0.144285545      0.196692958    
   18.1000328      0.163954839      0.182314411    
   18.2000332      0.182186276      0.165992290    
   18.3000336      0.198785499      0.147874281    
   18.4000340      0.213572919      0.128126398    
   18.5000343      0.226385564      0.106931098    
   18.6000347      0.237078667       8.44854191E-02
   18.7000351      0.245527208       6.09990172E-02
   18.8000355      0.251627117       3.66922393E-02
   18.9000359      0.255296350       1.17942225E-02
   19.0000362      0.256475776      -1.34589933E-02
   19.1000366      0.255129874      -3.88263129E-02
   19.2000370      0.251247257      -6.40634224E-02
   19.3000374      0.244840920      -8.89246464E-02
   19.4000378      0.235948458     -0.113164842    
   19.5000381      0.224631980     -0.136541367    
   19.6000385      0.210977837     -0.158816129    
   19.7000389      0.195096225     -0.179757744    
   19.8000393      0.177120447     -0.199143842    
   19.9000397      0.157206059     -0.216763422    
   20.0000401      0.135529712     -0.232419357    
   20.1000404      0.112287775     -0.245930880    
   20.2000408       8.76946896E-02 -0.257136077    
   20.3000412       6.19810820E-02 -0.265894324    
   20.4000416       3.53916511E-02 -0.272088468    
   20.5000420       8.18280317E-03 -0.275626898    
   20.6000423      -1.93798877E-02 -0.276445180    
   20.7000427      -4.70244065E-02 -0.274507314    
   20.8000431      -7.44751394E-02 -0.269806594    
   20.9000435     -0.101455800     -0.262365967    
   21.0000439     -0.127692401     -0.252237797    
   21.1000443     -0.152916178     -0.239503235    
   21.2000446     -0.176866502     -0.224271148    
   21.3000450     -0.199293613     -0.206676573    
   21.4000454     -0.219961271     -0.186878875    
   21.5000458     -0.238649160     -0.165059686    
   21.6000462     -0.255155116     -0.141420662    
   21.7000465     -0.269297183     -0.116181113    
   21.8000469     -0.280915290      -8.95757079E-02
   21.9000473     -0.289872855      -6.18521869E-02
   22.0000477     -0.296058059      -3.32691483E-02
   22.1000481     -0.299384981      -4.09394316E-03
   22.2000484     -0.299794376       2.53993180E-02
   22.3000488     -0.297254443       5.49316928E-02
   22.4000492     -0.291761279       8.42213109E-02
   22.5000496     -0.283339143      0.112985268    
   22.6000500     -0.272040606      0.140941590    
   22.7000504     -0.257946432      0.167811349    
   22.8000507     -0.241165295      0.193320900    
   22.9000511     -0.221833199      0.217204332    
   23.0000515     -0.200112760      0.239206165    
   23.1000519     -0.176192150      0.259084135    
   23.2000523     -0.150283739      0.276612341    
   23.3000526     -0.122622505      0.291584224    
   23.4000530      -9.34640840E-02  0.303815782    
   23.5000534      -6.30825013E-02  0.313148588    
   23.6000538      -3.17676403E-02  0.319452643    
   23.7000542       1.77625567E-04  0.322628886    
   23.8000546       3.24405134E-02  0.322611123    
   23.9000549       6.47016317E-02  0.319367647    
   24.0000553       9.66383964E-02  0.312902004    
   24.1000557      0.127928600      0.303253204    
   24.2000561      0.158253923      0.290495217    
   24.3000565      0.187303439      0.274735808    
   24.4000568      0.214777023      0.256114781    
   24.5000572      0.240388498      0.234801829    
   24.6000576      0.263868690      0.210993826    
   24.7000580      0.284968078      0.184912100    
   24.8000584      0.303459287      0.156799421    
   24.9000587      0.319139242      0.126917094    
   25.0000591      0.331830949       9.55421552E-02
   25.1000595      0.341385156       6.29646927E-02
   25.2000599      0.347681612       2.94854268E-02
   25.3000603      0.350630164      -4.58647683E-03
   25.4000607      0.350171506      -3.89354490E-02
   25.5000610      0.346277952      -7.32413381E-02
   25.6000614      0.338953823     -0.107181244    
   25.7000618      0.328235686     -0.140431315    
   25.8000622      0.314192563     -0.172668666    
   25.9000626      0.296925694     -0.203573525    
   26.0000629      0.276568353     -0.232831702    
   26.1000633      0.253285170     -0.260137320    
   26.2000637      0.227271438     -0.285195887    
   26.3000641      0.198751852     -0.307727873    
   26.4000645      0.167979062     -0.327472478    
   26.5000648      0.135231808     -0.344191492    
   26.6000652      0.100812659     -0.357673496    
   26.7000656       6.50453120E-02 -0.367737681    
   26.8000660       2.82715447E-02 -0.374237627    
   26.9000664      -9.15221870E-03 -0.377064407    
   27.0000668      -4.68586609E-02 -0.376149207    
   27.1000671      -8.44735801E-02 -0.371465057    
   27.2000675     -0.121620089     -0.363027751    
   27.3000679     -0.157922864     -0.350895703    
   27.4000683     -0.193012431     -0.335168988    
   27.5000687     -0.226529330     -0.315987349    
   27.6000690     -0.258128077     -0.293527663    
   27.7000694     -0.287480831     -0.268000543    
   27.8000698     -0.314280897     -0.239646807    
   27.9000702     -0.338245571     -0.208733544    
   28.0000706     -0.359118938     -0.175550282    
   28.1000710     -0.376673967     -0.140405327    
   28.2000713     -0.390714496     -0.103622362    
   28.3000717     -0.401076734      -6.55374452E-02
   28.4000721     -0.407630473      -2.64964588E-02
   28.5000725     -0.410280108       1.31470487E-02
   28.6000729     -0.408965409       5.30336685E-02
   28.7000732     -0.403662056       9.27996933E-02
   28.8000736     -0.394382089      0.132078558    
   28.9000740     -0.381174237      0.170502335    
   29.0000744     -0.364124000      0.207703412    
   29.1000748     -0.343353659      0.243316501    
   29.2000751     -0.319022000      0.276981175    
   29.3000755     -0.291323870      0.308344990    
   29.4000759     -0.260489374      0.337067038    
   29.5000763     -0.226782665      0.362822384    
   29.6000767     -0.190500423      0.385306746    
   29.7000771     -0.151969746      0.404241771    
   29.8000774     -0.111545563      0.419380307    
   29.9000778      -6.96075261E-02  0.430511743    
   30.0000782      -2.65563503E-02  0.437466890    
