   0.00000000       3.00000000       0.00000000    
  0.100000001       2.99929428      -1.41120004E-02
  0.200000003       2.99717402      -2.83637196E-02
  0.300000012       2.99361801      -4.28957529E-02
  0.400000006       2.98859119      -5.78513779E-02
  0.500000000       2.98204398      -7.33777061E-02
  0.600000024       2.97391176      -8.96270797E-02
  0.700000048       2.96411467     -0.106758378    
  0.800000072       2.95255613     -0.124938309    
  0.900000095       2.93912268     -0.144342750    
   1.00000012       2.92368293     -0.165158138    
   1.10000014       2.90608621     -0.187582582    
   1.20000017       2.88616133     -0.211827114    
   1.30000019       2.86371541     -0.238116711    
   1.40000021       2.83853221     -0.266691148    
   1.50000024       2.81037092     -0.297805399    
   1.60000026       2.77896428     -0.331729680    
   1.70000029       2.74401760     -0.368748814    
   1.80000031       2.70520687     -0.409160435    
   1.90000033       2.66217756     -0.453272223    
   2.00000024       2.61454415     -0.501397073    
   2.10000014       2.56188941     -0.553846300    
   2.20000005       2.50376582     -0.610919356    
   2.29999995       2.43969655     -0.672890306    
   2.39999986       2.36917925     -0.739989102    
   2.49999976       2.29169106     -0.812377334    
   2.59999967       2.20669723     -0.890117288    
   2.69999957       2.11366272     -0.973133683    
   2.79999948       2.01206827      -1.06116807    
   2.89999938       1.90143037      -1.15372670    
   2.99999928       1.78132856      -1.25002480    
   3.09999919       1.65143645      -1.34893107    
   3.19999909       1.51155961      -1.44892240    
   3.29999900       1.36167610      -1.54805660    
   3.39999890       1.20197940      -1.64397979    
   3.49999881       1.03291762      -1.73398030    
   3.59999871      0.855225563      -1.81510127    
   3.69999862      0.669941843      -1.88431680    
   3.79999852      0.478405476      -1.93876123    
   3.89999843      0.282227516      -1.97598946    
   3.99999833       8.32360834E-02  -1.99422956    
   4.09999847     -0.116602570      -1.99258208    
   4.19999838     -0.315279067      -1.97112703    
   4.29999828     -0.510841370      -1.93091464    
   4.39999819     -0.701488256      -1.87384224    
   4.49999809     -0.885645688      -1.80244327    
   4.59999800      -1.06201839      -1.71963000    
   4.69999790      -1.22961473      -1.62843549    
   4.79999781      -1.38774645      -1.53179038    
   4.89999771      -1.53600907      -1.43235648    
   4.99999762      -1.67424774      -1.33242428    
   5.09999752      -1.80251694      -1.23386705    
   5.19999743      -1.92103732      -1.13814080    
   5.29999733      -2.03015494      -1.04631543    
   5.39999723      -2.13030481     -0.959122837    
   5.49999714      -2.22197962     -0.877013087    
   5.59999704      -2.30570412     -0.800209880    
   5.69999695      -2.38201571     -0.728762031    
   5.79999685      -2.45144892     -0.662587881    
   5.89999676      -2.51452446     -0.601512313    
   5.99999666      -2.57174182     -0.545296550    
   6.09999657      -2.62357402     -0.493661314    
   6.19999647      -2.67046428     -0.446304679    
   6.29999638      -2.71282530     -0.402915031    
   6.39999628      -2.75103807     -0.363180548    
   6.49999619      -2.78545260     -0.326795757    
   6.59999609      -2.81638885     -0.293465883    
   6.69999599      -2.84413791     -0.262909502    
   6.79999590      -2.86896348     -0.234860048    
   6.89999580      -2.89110327     -0.209066376    
   6.99999571      -2.91077042     -0.185292602    
   7.09999561      -2.92815590     -0.163317665    
   7.19999552      -2.94342852     -0.142934427    
   7.29999542      -2.95673752     -0.123948649    
   7.39999533      -2.96821332     -0.106177770    
   7.49999523      -2.97796845      -8.94497335E-02
   7.59999514      -2.98609900      -7.36016631E-02
   7.69999504      -2.99268484      -5.84785454E-02
   7.79999495      -2.99779081      -4.39319573E-02
   7.89999485      -3.00146747      -2.98187062E-02
   7.99999475      -3.00375104      -1.59996357E-02
   8.09999466      -3.00466394      -2.33831815E-03
   8.19999504      -3.00421524       1.13002304E-02
   8.29999542      -3.00240040       2.50507705E-02
   8.39999580      -2.99920154       3.90491374E-02
   8.49999619      -2.99458718       5.34334183E-02
   8.59999657      -2.98851156       6.83453158E-02
   8.69999695      -2.98091459       8.39313492E-02
   8.79999733      -2.97172141      0.100344226    
   8.89999771      -2.96084166      0.117744058    
   8.99999809      -2.94816852      0.136299714    
   9.09999847      -2.93357754      0.156190082    
   9.19999886      -2.91692591      0.177605376    
   9.29999924      -2.89805150      0.200748354    
   9.39999962      -2.87677097      0.225835323    
   9.50000000      -2.85287881      0.253097147    
   9.60000038      -2.82614541      0.282779902    
   9.70000076      -2.79631615      0.315145046    
   9.80000114      -2.76310945      0.350469202    
   9.90000153      -2.72621489      0.389042914    
   10.0000019      -2.68529296      0.431168526    
   10.1000023      -2.63997293      0.477156371    
   10.2000027      -2.58985305      0.527319014    
   10.3000031      -2.53450036      0.581962824    
   10.4000034      -2.47345161      0.641376376    
   10.5000038      -2.40621638      0.705814183    
   10.6000042      -2.33228064      0.775475562    
   10.7000046      -2.25111413      0.850477099    
   10.8000050      -2.16217947      0.930818200    
   10.9000053      -2.06494689       1.01633906    
   11.0000057      -1.95891118       1.10667169    
   11.1000061      -1.84361589       1.20118546    
   11.2000065      -1.71868229       1.29893064    
   11.3000069      -1.58384383       1.39858687    
   11.4000072      -1.43898559       1.49842513    
   11.5000076      -1.28418648       1.59629583    
   11.6000080      -1.11976087       1.68965721    
   11.7000084     -0.946295142       1.77565765    
   11.8000088     -0.764673114       1.85127938    
   11.9000092     -0.576083660       1.91354311    
   12.0000095     -0.382005632       1.95975709    
   12.1000099     -0.184166014       1.98777854    
   12.2000103       1.55274719E-02   1.99624610    
   12.3000107      0.215074450       1.98473763    
   12.4000111      0.412481129       1.95382142    
   12.5000114      0.605858862       1.90498865    
   12.6000118      0.793510377       1.84048212    
   12.7000122      0.973994493       1.76305676    
   12.8000126       1.14616454       1.67571640    
   12.9000130       1.30918026       1.58146918    
   13.0000134       1.46249735       1.48313069    
   13.1000137       1.60583973       1.38318896    
   13.2000141       1.73916173       1.28373134    
   13.3000145       1.86260557       1.18642318    
   13.4000149       1.97645926       1.09252477    
   13.5000153       2.08111763       1.00293231    
   13.6000156       2.17704797      0.918231666    
   13.7000160       2.26476216      0.838754416    
   13.8000164       2.34479403      0.764631987    
   13.9000168       2.41768169      0.695843756    
   14.0000172       2.48395443      0.632258058    
   14.1000175       2.54412389      0.573665202    
   14.2000179       2.59867764      0.519804299    
   14.3000183       2.64807487      0.470383406    
   14.4000187       2.69274449      0.425094903    
   14.5000191       2.73308444      0.383626699    
   14.6000195       2.76946092      0.345670104    
   14.7000198       2.80220985      0.310925305    
   14.8000202       2.83163786      0.279104710    
   14.9000206       2.85802317      0.249935091    
   15.0000210       2.88161778      0.223158568    
   15.1000214       2.90264845      0.198532820    
   15.2000217       2.92131829      0.175830722    
   15.3000221       2.93780899      0.154839724    
   15.4000225       2.95228100      0.135360882    
   15.5000229       2.96487617      0.117207721    
   15.6000233       2.97571802      0.100205109    
   15.7000237       2.98491287       8.41879696E-02
   15.8000240       2.99255157       6.89999238E-02
   15.9000244       2.99870920       5.44921868E-02
   16.0000248       3.00344634       4.05221507E-02
   16.1000252       3.00680995       2.69521233E-02
   16.2000256       3.00883317       1.36481682E-02
   16.3000259       3.00953603       4.78820875E-04
   16.4000263       3.00892544      -1.26861306E-02
   16.5000267       3.00699544      -2.59768292E-02
   16.6000271       3.00372672      -3.95246521E-02
   16.7000275       2.99908710      -5.34633361E-02
   16.8000278       2.99303055      -6.79302663E-02
   16.9000282       2.98549747      -8.30677152E-02
   17.0000286       2.97641349      -9.90240872E-02
   17.1000290       2.96568894     -0.115955174    
   17.2000294       2.95321846     -0.134025514    
   17.3000298       2.93887949     -0.153409570    
   17.4000301       2.92253184     -0.174293071    
   17.5000305       2.90401602     -0.196874171    
   17.6000309       2.88315177     -0.221364558    
   17.7000313       2.85973740     -0.247990400    
   17.8000317       2.83354759     -0.276993066    
   17.9000320       2.80433226     -0.308629513    
   18.0000324       2.77181482     -0.343172014    
   18.1000328       2.73569059     -0.380907327    
   18.2000332       2.69562554     -0.422134608    
   18.3000336       2.65125537     -0.467162162    
   18.4000340       2.60218453     -0.516302049    
   18.5000343       2.54798627     -0.569862485    
   18.6000347       2.48820329     -0.628136754    
   18.7000351       2.42235017     -0.691388249    
   18.8000355       2.34991717     -0.759830534    
   18.9000359       2.27037644     -0.833601177    
   19.0000362       2.18319082     -0.912728965    
   19.1000366       2.08782649     -0.997093558    
   19.2000370       1.98377073      -1.08637798    
   19.3000374       1.87055326      -1.18001497    
   19.4000378       1.74777472      -1.27713072    
   19.5000381       1.61513972      -1.37649155    
   19.6000385       1.47249544      -1.47646153    
   19.7000389       1.31987345      -1.57498384    
   19.8000393       1.15753162      -1.66959870    
   19.9000397      0.985992670      -1.75751257    
   20.0000401      0.806072295      -1.83572805    
   20.1000404      0.618891597      -1.90123582    
   20.2000408      0.425867349      -1.95125580    
   20.3000412      0.228676215      -1.98349965    
   20.4000416       2.91928053E-02  -1.99641359    
   20.5000420     -0.170594499      -1.98935664    
   20.6000423     -0.368681312      -1.96267748    
   20.7000427     -0.563147128      -1.91767299    
   20.8000431     -0.752245188      -1.85643792    
   20.9000435     -0.934472561      -1.78163636    
   21.0000439      -1.10861480      -1.69624007    
   21.1000443      -1.27376342      -1.60327637    
   21.2000446      -1.42930996      -1.50561881    
   21.3000450      -1.57492185      -1.40583789    
   21.4000454      -1.71050572      -1.30611467    
   21.5000458      -1.83616590      -1.20820892    
   21.6000462      -1.95216179      -1.11346877    
   21.7000465      -2.05886793      -1.02286792    
   21.8000469      -2.15673852     -0.937056720    
   21.9000473      -2.24627829     -0.856418967    
   22.0000477      -2.32801819     -0.781126618    
   22.1000481      -2.40249705     -0.711189449    
   22.2000484      -2.47024798     -0.646497607    
   22.3000488      -2.53178763     -0.586856723    
   22.4000492      -2.58760977     -0.532015681    
   22.5000496      -2.63818097     -0.481688410    
   22.6000500      -2.68393779     -0.435570180    
   22.7000504      -2.72528553     -0.393349677    
   22.8000507      -2.76259851     -0.354717553    
   22.9000511      -2.79622030     -0.319372416    
   23.0000515      -2.82646489     -0.287024528    
   23.1000519      -2.85361767     -0.257398307    
   23.2000523      -2.87793756     -0.230233490    
   23.3000526      -2.89965796     -0.205285460    
   23.4000530      -2.91898870     -0.182325080    
   23.5000534      -2.93611741     -0.161138102    
   23.6000538      -2.95121098     -0.141524255    
   23.7000542      -2.96441722     -0.123296194    
   23.8000546      -2.97586560     -0.106278360    
   23.9000549      -2.98566866      -9.03057456E-02
   24.0000553      -2.99392271      -7.52226487E-02
   24.1000557      -3.00070930      -6.08813800E-02
   24.2000561      -3.00609541      -4.71410640E-02
   24.3000565      -3.01013398      -3.38663384E-02
   24.4000568      -3.01286530      -2.09261850E-02
   24.5000572      -3.01431608      -8.19275528E-03
   24.6000576      -3.01450062       4.45993710E-03
   24.7000580      -3.01342082       1.71570666E-02
   24.8000584      -3.01106596       3.00242603E-02
   24.9000587      -3.00741267       4.31887358E-02
   25.0000591      -3.00242496       5.67804687E-02
   25.1000595      -2.99605322       7.09334686E-02
   25.2000599      -2.98823476       8.57869163E-02
   25.3000603      -2.97889233      0.101486430    
   25.4000607      -2.96793365      0.118185289    
   25.5000610      -2.95525122      0.136045769    
   25.6000614      -2.94072032      0.155240282    
   25.7000618      -2.92419863      0.175952688    
   25.8000622      -2.90552497      0.198379472    
   25.9000626      -2.88451767      0.222730815    
   26.0000629      -2.86097336      0.249231547    
   26.1000633      -2.83466554      0.278121859    
   26.2000637      -2.80534267      0.309657574    
   26.3000641      -2.77272725      0.344110072    
   26.4000645      -2.73651338      0.381765217    
   26.5000648      -2.69636631      0.422921449    
   26.6000652      -2.65192080      0.467886358    
   26.7000656      -2.60278058      0.516971469    
   26.8000660      -2.54851794      0.570484400    
   26.9000664      -2.48867488      0.628717959    
   27.0000668      -2.42276549      0.691935182    
   27.1000671      -2.35027957      0.760349154    
   27.2000675      -2.27068830      0.834097087    
   27.3000679      -2.18345404      0.913207352    
   27.4000683      -2.08804274      0.997559071    
   27.5000687      -1.98394096       1.08683479    
   27.6000690      -1.87067819       1.18046653    
   27.7000694      -1.74785471       1.27757990    
   27.8000698      -1.61517489       1.37694013    
   27.9000702      -1.47248578       1.47691023    
   28.0000706      -1.31981885       1.57543206    
   28.1000710      -1.15743232       1.67004442    
   28.2000713     -0.985849023       1.75795245    
   28.3000717     -0.805885077       1.83615768    
   28.4000721     -0.618662119       1.90164971    
   28.5000725     -0.425597429       1.95164800    
   28.6000729     -0.228368297       1.98386443    
   28.7000732      -2.88499147E-02   1.99674606    
   28.8000736      0.170968920       1.98965323    
   28.9000740      0.369083554       1.96293652    
   29.0000744      0.563573420       1.91789496    
   29.1000748      0.752691865       1.85662532    
   29.2000751      0.934936404       1.78179348    
   29.3000755       1.10909295       1.69637263    
   29.4000759       1.27425373       1.60339105    
   29.5000763       1.42981112       1.50572276    
   29.6000767       1.57543302       1.40593851    
   29.7000771       1.71102691       1.30621910    
   29.8000774       1.83669794       1.20832407    
   29.9000778       1.95270610       1.11360121    
   30.0000782       2.05942655       1.02302361    
