   0.00000000       3.00000000       0.00000000    
  0.100000001       3.00000000      -7.05600018E-03
  0.200000003       2.99962950      -1.41294673E-02
  0.300000012       2.99888778      -2.12387722E-02
  0.400000006       2.99777269      -2.84023751E-02
  0.500000000       2.99628162      -3.56388688E-02
  0.600000024       2.99441051      -4.29670252E-02
  0.700000048       2.99215484      -5.04058339E-02
  0.800000072       2.98950863      -5.79745322E-02
  0.900000095       2.98646498      -6.56926855E-02
   1.00000012       2.98301601      -7.35802203E-02
   1.10000014       2.97915316      -8.16574544E-02
   1.20000017       2.97486615      -8.99451524E-02
   1.30000019       2.97014403      -9.84645709E-02
   1.40000021       2.96497464     -0.107237518    
   1.50000024       2.95934463     -0.116286367    
   1.60000026       2.95323968     -0.125634149    
   1.70000029       2.94664383     -0.135304555    
   1.80000031       2.93954039     -0.145321995    
   1.90000033       2.93191099     -0.155711651    
   2.00000024       2.92373610     -0.166499510    
   2.10000014       2.91499496     -0.177712396    
   2.20000005       2.90566516     -0.189378053    
   2.29999995       2.89572287     -0.201525092    
   2.39999986       2.88514280     -0.214183137    
   2.49999976       2.87389827     -0.227382749    
   2.59999967       2.86196065     -0.241155535    
   2.69999957       2.84929991     -0.255534083    
   2.79999948       2.83588433     -0.270552039    
   2.89999938       2.82168031     -0.286244094    
   2.99999928       2.80665255     -0.302645922    
   3.09999919       2.79076362     -0.319794208    
   3.19999909       2.77397442     -0.337726593    
   3.29999900       2.75624371     -0.356481582    
   3.39999890       2.73752832     -0.376098543    
   3.49999881       2.71778321     -0.396617472    
   3.59999871       2.69696069     -0.418078989    
   3.69999862       2.67501163     -0.440524071    
   3.79999852       2.65188408     -0.463993907    
   3.89999843       2.62752438     -0.488529593    
   3.99999833       2.60187650     -0.514171839    
   4.09999847       2.57488251     -0.540960550    
   4.19999838       2.54648209     -0.568934560    
   4.29999828       2.51661301     -0.598130882    
   4.39999819       2.48521113     -0.628584325    
   4.49999809       2.45221043     -0.660326719    
   4.59999800       2.41754317     -0.693386018    
   4.69999790       2.38114047     -0.727785647    
   4.79999781       2.34293175     -0.763543248    
   4.89999771       2.30284572     -0.800669670    
   4.99999762       2.26081061     -0.839167714    
   5.09999752       2.21675420     -0.879030645    
   5.19999743       2.17060518     -0.920240700    
   5.29999733       2.12229252     -0.962767363    
   5.39999723       2.07174730      -1.00656581    
   5.49999714       2.01890254      -1.05157459    
   5.59999704       1.96369493      -1.09771430    
   5.69999695       1.90606499      -1.14488506    
   5.79999685       1.84595847      -1.19296503    
   5.89999676       1.78332782      -1.24180841    
   5.99999666       1.71813285      -1.29124367    
   6.09999657       1.65034258      -1.34107244    
   6.19999647       1.57993627      -1.39106858    
   6.29999638       1.50690520      -1.44097733    
   6.39999628       1.43125391      -1.49051607    
   6.49999619       1.35300183      -1.53937483    
   6.59999609       1.27218461      -1.58721840    
   6.69999599       1.18885565      -1.63368917    
   6.79999590       1.10308695      -1.67841101    
   6.89999580       1.01497042      -1.72099459    
   6.99999571      0.924618185      -1.76104331    
   7.09999561      0.832163393      -1.79816067    
   7.19999552      0.737759948      -1.83195829    
   7.29999542      0.641582131      -1.86206460    
   7.39999533      0.543823719      -1.88813412    
   7.49999523      0.444696665      -1.90985620    
   7.59999514      0.344429225      -1.92696369    
   7.69999504      0.243263632      -1.93924093    
   7.79999495      0.141453475      -1.94652998    
   7.89999485       3.92606556E-02  -1.94873559    
   7.99999475      -6.30479679E-02  -1.94582844    
   8.09999466     -0.165203959      -1.93784583    
   8.19999504     -0.266940862      -1.92489052    
   8.29999542     -0.367997617      -1.90712786    
   8.39999580     -0.468121827      -1.88478029    
   8.49999619     -0.567072809      -1.85812104    
   8.59999657     -0.664624155      -1.82746601    
   8.69999695     -0.760566115      -1.79316533    
   8.79999733     -0.854707301      -1.75559390    
   8.89999771     -0.946875989      -1.71514273    
   8.99999809      -1.03692102      -1.67221010    
   9.09999847      -1.12471211      -1.62719345    
   9.19999886      -1.21013975      -1.58048236    
   9.29999924      -1.29311502      -1.53245223    
   9.39999962      -1.37356877      -1.48345947    
   9.50000000      -1.45145035      -1.43383753    
   9.60000038      -1.52672684      -1.38389432    
   9.70000076      -1.59938133      -1.33391011    
   9.80000114      -1.66941166      -1.28413689    
   9.90000153      -1.73682880      -1.23479819    
   10.0000019      -1.80165577      -1.18608963    
   10.1000023      -1.86392546      -1.13817978    
   10.2000027      -1.92367995      -1.09121180    
   10.3000031      -1.98096859      -1.04530501    
   10.4000034      -2.03584719      -1.00055659    
   10.5000038      -2.08837652     -0.957043886    
   10.6000042      -2.13862133     -0.914826035    
   10.7000046      -2.18664980     -0.873946071    
   10.8000050      -2.23253202     -0.834432721    
   10.9000053      -2.27633977     -0.796302199    
   11.0000057      -2.31814575     -0.759559989    
   11.1000061      -2.35802269     -0.724202156    
   11.2000065      -2.39604330     -0.690216899    
   11.3000069      -2.43227959     -0.657585859    
   11.4000072      -2.46680284     -0.626285076    
   11.5000076      -2.49968290     -0.596286118    
   11.6000080      -2.53098798     -0.567556918    
   11.7000084      -2.56078482     -0.540062666    
   11.8000088      -2.58913803     -0.513766289    
   11.9000092      -2.61611080     -0.488629252    
   12.0000095      -2.64176393     -0.464611888    
   12.1000099      -2.66615605     -0.441673934    
   12.2000103      -2.68934393     -0.419774830    
   12.3000107      -2.71138215     -0.398874044    
   12.4000111      -2.73232293     -0.378931344    
   12.5000114      -2.75221682     -0.359906971    
   12.6000118      -2.77111197     -0.341761857    
   12.7000122      -2.78905439     -0.324457735    
   12.8000126      -2.80608845     -0.307957172    
   12.9000130      -2.82225609     -0.292223781    
   13.0000134      -2.83759785     -0.277222216    
   13.1000137      -2.85215211     -0.262918204    
   13.2000141      -2.86595535     -0.249278575    
   13.3000145      -2.87904239     -0.236271277    
   13.4000149      -2.89144659     -0.223865390    
   13.5000153      -2.90319943     -0.212031126    
   13.6000156      -2.91433096     -0.200739786    
   13.7000160      -2.92486978     -0.189963758    
   13.8000164      -2.93484282     -0.179676518    
   13.9000168      -2.94427586     -0.169852555    
   14.0000172      -2.95319319     -0.160467356    
   14.1000175      -2.96161771     -0.151497379    
   14.2000179      -2.96957135     -0.142920002    
   14.3000183      -2.97707462     -0.134713531    
   14.4000187      -2.98414707     -0.126857102    
   14.5000191      -2.99080706     -0.119330682    
   14.6000195      -2.99707198     -0.112115011    
   14.7000198      -3.00295806     -0.105191581    
   14.8000202      -3.00848055      -9.85425785E-02
   14.9000206      -3.01365399      -9.21508670E-02
   15.0000210      -3.01849198      -8.59999284E-02
   15.1000214      -3.02300692      -8.00738484E-02
   15.2000217      -3.02721071      -7.43572786E-02
   15.3000221      -3.03111458      -6.88353628E-02
   15.4000225      -3.03472853      -6.34937659E-02
   15.5000229      -3.03806186      -5.83185852E-02
   15.6000233      -3.04112363      -5.32963201E-02
   15.7000237      -3.04392171      -4.84139025E-02
   15.8000240      -3.04646349      -4.36585881E-02
   15.9000244      -3.04875565      -3.90179679E-02
   16.0000248      -3.05080414      -3.44799198E-02
   16.1000252      -3.05261445      -3.00325789E-02
   16.2000256      -3.05419111      -2.56643221E-02
   16.3000259      -3.05553842      -2.13637240E-02
   16.4000263      -3.05665994      -1.71195306E-02
   16.5000267      -3.05755877      -1.29206423E-02
   16.6000271      -3.05823708      -8.75608437E-03
   16.7000275      -3.05869675      -4.61494131E-03
   16.8000278      -3.05893898      -4.86391131E-04
   16.9000282      -3.05896449       3.64037696E-03
   17.0000286      -3.05877328       7.77615048E-03
   17.1000290      -3.05836511       1.19317640E-02
   17.2000294      -3.05773878       1.61180608E-02
   17.3000298      -3.05689263       2.03459933E-02
   17.4000301      -3.05582452       2.46266145E-02
   17.5000305      -3.05453157       2.89711077E-02
   17.6000309      -3.05301070       3.33908163E-02
   17.7000313      -3.05125761       3.78972739E-02
   17.8000317      -3.04926801       4.25022393E-02
   17.9000320      -3.04703665       4.72177044E-02
   18.0000324      -3.04455781       5.20559624E-02
   18.1000328      -3.04182482       5.70296049E-02
   18.2000332      -3.03883076       6.21515699E-02
   18.3000336      -3.03556776       6.74351603E-02
   18.4000340      -3.03202748       7.28940889E-02
   18.5000343      -3.02820063       7.85425007E-02
   18.6000347      -3.02407718       8.43950137E-02
   18.7000351      -3.01964641       9.04667526E-02
   18.8000355      -3.01489687       9.67733860E-02
   18.9000359      -3.00981617      0.103331164    
   19.0000362      -3.00439119      0.110156931    
   19.1000366      -2.99860787      0.117268205    
   19.2000370      -2.99245119      0.124683164    
   19.3000374      -2.98590541      0.132420719    
   19.4000378      -2.97895336      0.140500546    
   19.5000381      -2.97157717      0.148943126    
   19.6000385      -2.96375775      0.157769769    
   19.7000389      -2.95547485      0.167002648    
   19.8000393      -2.94670725      0.176664874    
   19.9000397      -2.93743229      0.186780497    
   20.0000401      -2.92762637      0.197374552    
   20.1000404      -2.91726422      0.208473071    
   20.2000408      -2.90631938      0.220103160    
   20.3000412      -2.89476395      0.232292980    
   20.4000416      -2.88256860      0.245071769    
   20.5000420      -2.86970234      0.258469880    
   20.6000423      -2.85613275      0.272518814    
   20.7000427      -2.84182549      0.287251145    
   20.8000431      -2.82674479      0.302700579    
   20.9000435      -2.81085300      0.318901926    
   21.0000439      -2.79411054      0.335891008    
   21.1000443      -2.77647614      0.353704691    
   21.2000446      -2.75790668      0.372380733    
   21.3000450      -2.73835659      0.391957760    
   21.4000454      -2.71777892      0.412475079    
   21.5000458      -2.69612408      0.433972567    
   21.6000462      -2.67334056      0.456490517    
   21.7000465      -2.64937472      0.480069280    
   21.8000469      -2.62417102      0.504749179    
   21.9000473      -2.59767175      0.530569911    
   22.0000477      -2.56981683      0.557570457    
   22.1000481      -2.54054427      0.585788310    
   22.2000484      -2.50979042      0.615259171    
   22.3000488      -2.47748923      0.646016240    
   22.4000492      -2.44357347      0.678089380    
   22.5000496      -2.40797377      0.711504459    
   22.6000500      -2.37061977      0.746282279    
   22.7000504      -2.33143997      0.782437503    
   22.8000507      -2.29036212      0.819977582    
   22.9000511      -2.24731326      0.858901262    
   23.0000515      -2.20222092      0.899197161    
   23.1000519      -2.15501308      0.940842271    
   23.2000523      -2.10561895      0.983800173    
   23.3000526      -2.05396938       1.02801919    
   23.4000530      -1.99999833       1.07343042    
   23.5000534      -1.94364321       1.11994612    
   23.6000538      -1.88484609       1.16745722    
   23.7000542      -1.82355464       1.21583188    
   23.8000546      -1.75972342       1.26491344    
   23.9000549      -1.69331551       1.31451905    
   24.0000553      -1.62430322       1.36443841    
   24.1000557      -1.55267024       1.41443300    
   24.2000561      -1.47841251       1.46423578    
   24.3000565      -1.40154016       1.51355183    
   24.4000568      -1.32207870       1.56205952    
   24.5000572      -1.24007058       1.60941291    
   24.6000576      -1.15557635       1.65524507    
   24.7000580      -1.06867599       1.69917250    
   24.8000584     -0.979469419       1.74080062    
   24.9000587     -0.888077378       1.77973056    
   25.0000591     -0.794641495       1.81556666    
   25.1000595     -0.699324250       1.84792507    
   25.2000599     -0.602308154       1.87644243    
   25.3000603     -0.503794909       1.90078521    
   25.4000607     -0.404003680       1.92065859    
   25.5000610     -0.303169101       1.93581486    
   25.6000614     -0.201538816       1.94606066    
   25.7000618      -9.93706360E-02   1.95126307    
   25.8000622       3.07067484E-03   1.95135343    
   25.9000626      0.105516732       1.94632995    
   26.0000629      0.207699060       1.93625772    
   26.1000633      0.309352577       1.92126632    
   26.2000637      0.410219073       1.90154624    
   26.3000641      0.510050237       1.87734294    
   26.4000645      0.608610749       1.84894943    
   26.5000648      0.705680609       1.81669807    
   26.6000652      0.801057279       1.78095186    
   26.7000656      0.894557238       1.74209499    
   26.8000660      0.986017227       1.70052385    
   26.9000664       1.07529473       1.65663886    
   27.0000668       1.16226828       1.61083615    
   27.1000671       1.24683714       1.56350148    
   27.2000675       1.32892096       1.51500416    
   27.3000679       1.40845871       1.46569252    
   27.4000683       1.48540759       1.41589069    
   27.5000687       1.55974185       1.36589599    
   27.6000690       1.63145137       1.31597793    
   27.7000694       1.70054018       1.26637721    
   27.8000698       1.76702499       1.21730614    
   27.9000702       1.83093357       1.16894948    
   28.0000706       1.89230347       1.12146544    
   28.1000710       1.95118046       1.07498753    
   28.2000713       2.00761724       1.02962577    
   28.3000717       2.06167269      0.985469222    
   28.4000721       2.11340976      0.942587614    
   28.5000725       2.16289568      0.901033401    
   28.6000729       2.21019983      0.860843718    
   28.7000732       2.25539422      0.822042108    
   28.8000736       2.29855132      0.784640372    
   28.9000740       2.33974504      0.748640120    
   29.0000744       2.37904859      0.714034379    
   29.1000748       2.41653538      0.680808723    
   29.2000751       2.45227790      0.648942649    
   29.3000755       2.48634744      0.618410707    
   29.4000759       2.51881409      0.589183211    
   29.5000763       2.54974627      0.561227381    
   29.6000767       2.57921076      0.534507930    
   29.7000771       2.60727239      0.508987665    
   29.8000774       2.63399434      0.484628081    
   29.9000778       2.65943742      0.461389929    
   30.0000782       2.68366051      0.439233482    
