 121.06145
  94.66781
 170.07194
  87.08833
 180.69657
  62.61227
  58.49709
  52.23351
  89.02555
 143.00650
  77.11842
  72.02817
  90.72824
 122.38146
 116.19935
 197.78440
 192.88059
 128.59678
 133.79281
  43.50104
 107.06070
 175.69729
  58.22308
  87.39483
 215.11882
  80.02578
 165.91700
 157.96334
  31.10273
   9.55099
  49.75294
 133.05709
  70.51377
 165.04032
  66.55823
 159.81464
  60.50235
 101.28700
 143.37521
 102.88915
 107.32490
 124.77806
  98.56423
 153.10077
  98.61710
 106.93136
  91.45490
 123.48274
 -14.07522
 135.63438
 171.84488
  90.92549
 121.29136
 -34.75868
 173.58758
 110.22796
 104.11662
  55.52155
  11.64380
 163.87966
  77.37006
 149.68012
 103.21933
 113.60902
 110.92817
 188.82617
 141.28915
  48.86918
 108.17082
  88.58514
 143.93504
  98.47924
  71.72324
  12.94161
  -1.41014
  34.76096
 141.71256
 114.62694
 155.44715
 178.82658
  31.64522
  27.40046
 119.25906
 142.30077
  29.39665
  98.14925
  79.27534
 168.73663
  96.81660
  94.89200
  57.96517
 101.71331
 108.09388
  48.88422
 108.98056
 132.31027
 100.60924
 152.39563
  81.97075
 185.23473
  32.31201
 118.67249
 100.05279
  48.19345
  86.65354
  74.41477
 127.41755
 117.34929
  85.06424
  76.52609
  87.85718
 129.49996
 -23.60278
  70.78527
  71.75042
  45.30813
 124.60812
  97.85560
 109.39781
 129.65228
  97.74768
  78.51322
  22.80141
 114.44107
 143.54518
 135.92973
  64.63959
  97.70520
 119.75138
 117.31594
 160.75821
  78.21001
 114.12963
 153.23911
 128.59107
 123.16980
  12.81097
  58.79459
 130.59227
 131.77060
 137.83823
  45.12033
  27.04611
 195.54208
  91.64514
  58.07438
  -2.12113
 109.86832
 122.11575
  69.46705
  74.19722
 112.61084
 112.45326
  19.33664
 159.70137
 127.21754
  86.39849
  47.13212
  70.23170
  64.90037
  50.49400
 107.89864
  93.27478
  81.76612
  86.44121
  26.50429
 103.97355
 124.10660
  63.15943
 130.66997
  55.12832
 120.99009
  10.58720
  57.80243
 173.01136
 151.75458
 111.55810
 129.69938
  57.36405
 158.00014
 113.97431
 203.12723
 139.01391
 125.76426
  45.19899
   2.67877
 141.60383
 235.98260
  60.91747
 136.24187
  78.72518
 203.14314
 160.55312
  37.37848
  44.25619
  67.13412
  78.51620
  91.19424
 201.12857
 156.89314
  27.68229
 108.36172
 136.13522
 103.06547
  45.04847
  89.99100
 141.53802
  43.10466
 183.67973
  40.85024
 103.87151
  91.90399
  57.02730
 119.54864
 170.40377
  99.33747
  40.36013
  57.99676
  37.78921
   2.26155
  -7.43145
 104.50939
 110.21802
 183.70367
 103.33726
  67.31866
 220.88921
  80.28430
  97.46313
 101.59430
  82.84886
  31.58625
  81.30876
 145.40766
  58.38751
  39.75394
  83.79843
  90.63835
 115.67374
  85.10594
 -65.63518
  98.76830
   7.37970
 160.69611
  -5.87173
 180.53921
  80.51157
 190.27852
  65.91957
 104.62957
 166.23312
 133.00716
  21.38648
  59.03099
 109.92671
 118.25633
  81.51872
  56.83337
 122.36755
 141.07578
 134.87118
  27.96680
  70.37134
  56.38353
  95.43223
 175.71202
 147.97589
 187.73647
  58.05376
 188.94590
 136.60858
  42.43763
 185.49562
 116.05952
  85.23328
  25.23968
 137.77026
 172.08589
  64.53393
 125.94618
 133.70108
 187.49799
  77.56265
 161.67163
  66.68366
  97.71919
  57.17726
 206.01251
  64.18024
 101.58027
 183.18434
  77.63603
 112.14642
  60.87711
 146.82984
 168.67587
 139.13421
 121.55317
 127.16100
  29.75642
  86.43646
  86.61551
 138.60582
  44.06029
 199.98916
 109.36883
  99.91179
 111.54148
 134.74871
 207.77316
 121.87275
  49.40664
  64.42955
 126.49299
  94.98872
 121.68276
 134.77046
  67.62302
 101.18263
  63.74295
  19.23528
 148.18032
 116.42594
 153.18544
  83.12868
  82.41122
 118.87925
  60.64453
  28.88585
  85.52876
 139.04639
 103.69774
  69.15962
  41.22293
  71.33991
 117.70479
  93.56364
 139.33972
 107.31032
 109.46774
 132.83249
 141.75644
  90.25167
  93.68939
 106.34596
 129.71588
  83.24838
  88.11893
 184.70027
 131.05864
  61.48999
  88.31358
 142.36047
 151.94764
 155.35757
 120.16001
 144.79823
 113.04849
 166.60904
  25.34933
  -4.67287
 101.63322
 109.23418
  60.12966
 111.70185
 131.76053
  87.02607
  81.42949
  27.07786
  90.63144
 101.30871
  16.60072
 128.52991
 124.21250
 164.02493
  70.09891
  29.51387
 134.22517
 173.47478
  29.09760
  71.89950
  86.52361
  29.00470
  55.32318
  51.74074
 149.16182
  80.82395
 163.10253
  14.82115
 141.56755
 114.78157
 153.87341
 122.34548
  61.89792
 109.49352
 102.10903
  29.29486
 133.63076
  54.75237
 126.88764
 159.33900
 162.27763
 112.46807
 105.33943
 159.56339
  60.10612
 121.45077
  97.07224
  90.48257
 141.11282
 157.82364
 102.13845
  94.75056
 121.56423
  92.92236
  41.05090
  35.27900
 121.53824
  78.25852
 105.75678
 187.49868
 154.45596
  13.53371
  63.86031
 138.91542
  64.56496
  64.36591
  99.13606
 173.75006
  35.49515
  32.26702
 118.22708
 131.44344
 105.13533
 172.16517
  34.96677
 117.33121
 112.96355
 212.50051
  15.19092
  69.94869
 126.12844
 136.56214
 124.99840
  70.85042
  68.00356
  86.54183
 126.12066
  70.66667
 145.20138
  72.91086
  91.33335
  84.66745
 107.63619
  80.01835
 106.86928
  98.98901
  98.30964
 141.27332
  93.33765
  56.07855
  62.08451
  64.52998
 123.43586
  48.80848
  96.10982
 121.56855
 116.54500
 117.12241
 100.33208
  79.14698
  94.28833
 193.58369
  85.77538
 163.26055
  79.39517
 164.04485
  80.38071
 161.27463
 173.51183
  19.96478
  97.39756
  38.95337
  77.35808
 158.71466
  45.36941
 116.36626
 175.67858
  13.21094
  80.34616
 115.81164
 147.20739
  86.86703
 206.08203
 204.70330
 100.94645
  49.61657
 134.67781
  99.73383
 149.39219
  64.26809
  92.11509
  36.18782
 126.93996
  26.60355
  83.71924
 165.64156
  82.33506
 130.66683
 188.63932
  74.96960
  81.76497
  47.81560
 134.69513
 101.13604
 134.15287
 169.75200
 113.11102
  79.51777
   6.67375
 118.87530
 124.49906
 104.00646
 153.31775
  48.10385
 191.81611
 137.27565
  90.93041
  99.52306
  77.13976
 100.59810
  52.57808
 129.82092
  88.34251
  67.89883
  93.71993
  75.99258
 199.91834
 201.89254
 111.75732
  90.09144
 151.23045
  -9.14029
  -0.54748
  73.50582
  60.94476
 146.90557
 119.50298
  -9.30835
 162.06125
  95.48566
  84.46583
  32.05625
 106.99719
 216.35743
  94.74318
 151.11731
 133.77201
 125.55494
 167.37465
 129.47562
  82.17160
 114.01599
  87.96422
  33.40995
  82.46757
 163.97321
  78.56724
  60.48298
 167.57668
  18.17252
  99.96965
   5.65670
  45.30691
  48.38322
  96.63356
  85.62008
 126.77204
 133.84447
  83.71546
 135.11725
 115.96154
 232.40332
 129.43194
  58.59104
 225.97335
 143.41796
 174.18286
  34.81745
   6.87063
  78.35402
 135.83739
  74.08327
 101.73037
 114.59800
  84.47563
  89.11975
 142.66899
  45.99779
  99.63839
 240.00581
 130.92824
 110.52219
  76.02998
 128.30944
  82.66752
  20.75809
 169.41675
 128.66508
 145.27825
 121.89512
 101.88093
  80.69987
  69.35900
 113.90296
 129.50092
  38.77921
 101.80454
 196.93312
 129.08562
  76.42560
  74.96163
 131.70808
 103.68253
 123.89429
 209.62154
  69.75210
  61.12348
  40.47286
  17.71840
 143.45100
 107.97769
  81.93977
  58.35689
  44.34671
 184.10578
  98.65645
  15.63152
  36.02410
  38.72590
 153.07874
  99.09144
  73.27788
  14.73820
 120.41023
 158.92404
  76.17506
  64.40367
  88.52154
  47.39501
 160.74313
  52.66235
  65.56987
  96.14913
  56.64385
 115.19362
  56.33680
  89.43398
  74.09975
 -34.39434
 139.75800
 112.78226
  76.80752
  88.58756
  11.30722
 138.37777
  78.67258
 159.70990
  86.98413
   1.45075
  52.95282
 136.06897
 153.89355
 158.55978
  75.16810
  57.59173
  75.08625
  29.10953
  76.88546
  -8.25011
  22.97798
 128.59857
  67.61610
  35.26735
 125.16444
 174.80445
 125.96327
  97.71449
 148.13157
 163.71763
  24.76877
  26.53263
 163.32300
 102.67498
  45.12178
  99.92646
 166.97535
 156.31251
  48.25461
  89.37753
 175.50276
  62.33236
 139.27168
  81.07394
  78.34230
  86.25470
 156.57592
  87.91808
  56.23548
  93.50876
 175.34810
  59.37329
  95.51777
 138.69497
 228.09284
  87.93859
  40.29561
  93.20709
  86.53639
  49.57042
 182.36649
 103.86411
 142.96952
 123.38994
  91.44350
 110.56663
  17.20594
  33.07712
  55.67425
  82.45795
 218.71156
   5.05028
   2.62821
  98.02604
 111.44986
  75.87499
  69.22178
  88.42464
 128.30636
 147.97108
  95.82987
 169.15888
 147.01419
 180.63513
 129.92146
 100.83960
 -23.43626
  86.40526
 121.47947
  89.53795
  82.15890
  73.65077
 161.23222
 131.87759
 110.34179
  61.52475
 177.60584
 114.77473
 144.45822
  90.40789
 133.85322
  93.20476
 130.50292
  45.19701
  42.67836
  48.73626
 108.14552
  21.26905
 172.44471
 181.50003
 105.54021
  36.80158
 126.79519
  90.06771
 204.62941
 174.93269
 109.83948
 156.88601
  80.53572
 185.10655
 155.30875
  56.03116
 145.91923
 129.82355
  74.21114
  98.44657
 110.24830
 112.89697
  81.43142
 107.60362
  23.70521
  51.25980
 150.48971
  32.72695
 140.23501
  55.19238
 156.01615
  70.37703
  73.67320
  71.83905
 107.16024
  99.04060
  20.31144
  11.00826
  85.87765
 121.03858
  81.96721
 123.64800
  49.50614
 158.81934
 113.43148
 107.96565
 114.15821
  91.26593
  96.60483
  64.97260
  98.39530
 188.03758
 164.10783
 185.39419
  84.23211
  66.62141
  85.96640
  96.90222
  39.39238
  63.50164
  50.91346
 217.81102
  94.71089
  55.20811
 121.56618
  79.71054
  67.22216
 211.45073
  62.68170
 139.71086
 107.83905
 111.35453
 149.20616
  50.91338
 179.28256
 106.39466
  68.94667
 129.41617
  97.23251
 168.67690
  61.44085
 183.88695
  71.09413
  78.69123
 125.91303
 159.97034
 191.54412
  75.97351
  44.77861
 145.97897
  20.60459
  59.76270
 127.52556
 193.85250
 139.47704
  65.02379
 156.09344
 180.54901
 124.12572
  99.59447
 104.09897
 171.04176
  75.98248
 155.89229
 173.49141
  16.40676
 154.73495
 105.40614
 132.22470
  65.91125
 118.37478
  94.43850
 161.33970
 133.97341
 133.08589
  94.13822
  28.38027
 104.31794
 144.90786
 134.68848
  93.76110
 122.48784
  77.10132
  58.49185
  80.08947
 128.13996
 126.17921
  73.84295
  36.89511
  64.33458
 223.12446
  87.17324
 226.13042
  84.43742
 107.95405
  -2.55256
  91.38937
 116.51994
  83.06146
 162.25462
  70.86767
  60.78819
 140.69170
 138.92819
 180.02783
  66.15985
  69.01577
 130.58114
 128.71241
  56.76887
 115.38660
  43.53023
  84.98480
  49.75523
  88.02055
 139.56050
  69.01617
  70.14522
 107.49741
  66.35710
   3.96102
  39.47646
 192.78609
 161.86952
 135.40803
  44.72202
  84.78211
  66.22048
 140.39607
 117.79866
  40.86445
  69.68198
  70.61741
 156.88594
 162.44466
 116.82047
 132.62342
  98.53150
 -23.00707
 169.87044
  94.15915
 105.85861
 151.88108
  81.76124
 145.21401
 155.14580
 -29.62483
  78.61875
 133.62968
  88.63660
 104.93921
 130.65194
 150.69295
 108.45243
 110.50111
 170.12056
 187.73295
 161.73321
 137.19457
 124.79577
  37.59668
  73.78726
 159.70250
 121.39430
 131.09235
 117.36623
 174.88165
  86.67737
  66.93471
 109.11392
  50.17629
  63.14240
  93.70707
 155.48724
  85.87311
 141.86493
 104.19528
  48.41344
  51.19898
  97.51652
 115.87390
  58.95474
 147.92690
  72.88482
 148.79460
  87.14649
  53.34685
 136.21420
  88.99723
 105.95689
 111.83533
  69.56711
 108.67609
  -2.92986
  64.62662
  39.51820
  25.54465
 109.86721
 237.53525
  98.28505
 144.24302
 146.65558
  97.92643
 104.67526
  69.06377
  61.88787
 114.78660
 164.17663
  62.99556
  38.42348
 134.02845
 164.96620
 116.25939
 148.22129
  98.35431
  49.04615
 133.94902
   2.45968
 169.62969
  21.02210
  67.78355
 159.86256
 119.59640
 100.10726
  53.69393
 154.08788
  49.09325
 189.66593
  96.52627
  74.02364
  60.18993
  34.99453
 100.97062
 154.54945
Solution is   183.88695
