#              SST GLOBAL AVERAGE ECMWF REANALYSIS
#
# Day of       AVG         2022        1986
#  year      1970/2022
#
0.000000	291.214264	291.519287	290.968994
1.000000	291.220428	291.522430	290.978638
2.000000	291.227081	291.544495	290.990265
3.000000	291.232666	291.551971	290.999023
4.000000	291.237671	291.558594	291.001862
5.000000	291.243927	291.561493	291.002625
6.000000	291.250671	291.577667	291.004089
7.000000	291.257324	291.590179	291.009705
8.000000	291.264923	291.604218	291.018829
9.000000	291.271576	291.604736	291.030426
10.000000	291.277405	291.601807	291.041504
11.000000	291.282928	291.606598	291.050842
12.000000	291.289459	291.626373	291.056458
13.000000	291.295624	291.636871	291.061188
14.000000	291.300964	291.639618	291.064880
15.000000	291.307983	291.640381	291.068817
16.000000	291.313263	291.636322	291.066010
17.000000	291.320312	291.629303	291.058197
18.000000	291.324768	291.616913	291.049713
19.000000	291.329041	291.617035	291.046692
20.000000	291.335297	291.621796	291.046234
21.000000	291.340668	291.625122	291.047852
22.000000	291.347565	291.631317	291.047699
23.000000	291.355042	291.639313	291.047577
24.000000	291.362274	291.646729	291.051025
25.000000	291.368744	291.651611	291.059204
26.000000	291.375854	291.652618	291.069641
27.000000	291.380707	291.665405	291.082642
28.000000	291.388550	291.665955	291.092255
29.000000	291.392120	291.674133	291.097198
30.000000	291.395813	291.662048	291.102020
31.000000	291.395599	291.673859	291.106903
32.000000	291.400177	291.682434	291.127716
33.000000	291.405365	291.681885	291.151550
34.000000	291.409698	291.679169	291.169128
35.000000	291.414825	291.670593	291.183777
36.000000	291.418640	291.666565	291.197571
37.000000	291.424042	291.674164	291.215424
38.000000	291.428192	291.677734	291.229431
39.000000	291.433746	291.692780	291.234344
40.000000	291.438629	291.700623	291.233459
41.000000	291.442596	291.712097	291.230743
42.000000	291.446655	291.715698	291.230774
43.000000	291.447845	291.711517	291.234009
44.000000	291.452118	291.708252	291.240112
45.000000	291.455597	291.713928	291.242920
46.000000	291.458771	291.713013	291.247772
47.000000	291.461700	291.716614	291.256226
48.000000	291.464447	291.726746	291.264587
49.000000	291.466553	291.725220	291.270813
50.000000	291.469421	291.731628	291.276642
51.000000	291.472717	291.739685	291.284760
52.000000	291.477325	291.746429	291.297455
53.000000	291.482849	291.750427	291.310272
54.000000	291.486267	291.753998	291.317657
55.000000	291.491119	291.753052	291.322693
56.000000	291.493042	291.747498	291.327240
57.000000	291.494934	291.737518	291.333618
58.000000	291.494141	291.732574	291.339386
59.000000	291.489014	291.726318	291.338074
60.000000	291.485809	291.728027	291.338196
61.000000	291.484344	291.733398	291.337494
62.000000	291.482025	291.739227	291.336731
63.000000	291.479767	291.737000	291.335938
64.000000	291.480469	291.741882	291.335022
65.000000	291.480621	291.749451	291.333557
66.000000	291.483337	291.759613	291.332855
67.000000	291.485504	291.767731	291.334015
68.000000	291.487122	291.774841	291.336609
69.000000	291.486725	291.784485	291.340149
70.000000	291.486298	291.784485	291.343323
71.000000	291.486481	291.778595	291.345398
72.000000	291.487244	291.782318	291.345001
73.000000	291.488556	291.774750	291.341187
74.000000	291.489716	291.779053	291.334717
75.000000	291.490234	291.787781	291.328308
76.000000	291.488922	291.770874	291.322113
77.000000	291.490692	291.755341	291.320496
78.000000	291.491730	291.750305	291.323090
79.000000	291.490356	291.740692	291.328430
80.000000	291.487976	291.742218	291.334167
81.000000	291.486481	291.730408	291.338196
82.000000	291.483337	291.730591	291.337799
83.000000	291.481354	291.731415	291.333710
84.000000	291.479858	291.724548	291.327454
85.000000	291.477081	291.720734	291.318146
86.000000	291.477020	291.724640	291.308777
87.000000	291.476776	291.714355	291.299896
88.000000	291.476318	291.709259	291.292358
89.000000	291.476288	291.696960	291.286865
90.000000	291.474152	291.694366	291.282440
91.000000	291.474335	291.687500	291.283539
92.000000	291.473938	291.692871	291.288300
93.000000	291.472260	291.696533	291.293640
94.000000	291.469269	291.695923	291.297028
95.000000	291.465240	291.692841	291.299896
96.000000	291.460724	291.692230	291.304138
97.000000	291.457275	291.681580	291.310638
98.000000	291.454346	291.675934	291.314606
99.000000	291.452362	291.664215	291.311798
100.000000	291.448578	291.660828	291.306763
101.000000	291.446289	291.659821	291.302948
102.000000	291.443420	291.656982	291.304688
103.000000	291.440491	291.658478	291.309814
104.000000	291.439514	291.660675	291.316864
105.000000	291.435883	291.653259	291.318726
106.000000	291.432434	291.641357	291.313171
107.000000	291.429230	291.644287	291.312317
108.000000	291.425415	291.642029	291.310516
109.000000	291.420288	291.643555	291.306335
110.000000	291.415253	291.644531	291.299866
111.000000	291.410828	291.634583	291.291321
112.000000	291.408295	291.620331	291.280762
113.000000	291.405151	291.632599	291.269745
114.000000	291.403564	291.638824	291.260376
115.000000	291.402008	291.631561	291.252899
116.000000	291.399292	291.617889	291.248932
117.000000	291.396881	291.620392	291.249023
118.000000	291.392426	291.607178	291.251373
119.000000	291.387451	291.603088	291.254181
120.000000	291.384979	291.596252	291.262268
121.000000	291.380524	291.589722	291.266907
122.000000	291.374329	291.591827	291.272675
123.000000	291.368835	291.593079	291.276276
124.000000	291.364166	291.591431	291.275116
125.000000	291.360901	291.588593	291.270447
126.000000	291.358063	291.584808	291.263580
127.000000	291.355408	291.574921	291.256927
128.000000	291.353485	291.568787	291.252075
129.000000	291.352020	291.559326	291.249176
130.000000	291.347992	291.550568	291.245911
131.000000	291.346283	291.543152	291.239014
132.000000	291.343689	291.547455	291.226227
133.000000	291.341125	291.547241	291.210999
134.000000	291.337494	291.544861	291.197815
135.000000	291.334534	291.548157	291.188385
136.000000	291.330383	291.550110	291.180054
137.000000	291.324524	291.547516	291.166412
138.000000	291.319550	291.548553	291.165833
139.000000	291.316772	291.542816	291.169922
140.000000	291.315399	291.549683	291.176910
141.000000	291.312744	291.561432	291.184052
142.000000	291.310791	291.566864	291.189423
143.000000	291.306610	291.553894	291.190216
144.000000	291.303772	291.544189	291.186707
145.000000	291.299835	291.552490	291.180481
146.000000	291.298370	291.555115	291.173370
147.000000	291.295776	291.552277	291.168091
148.000000	291.295807	291.544647	291.166260
149.000000	291.296173	291.534393	291.166870
150.000000	291.296326	291.534607	291.166809
151.000000	291.306702	291.538849	291.175446
152.000000	291.307465	291.543060	291.169434
153.000000	291.309326	291.540558	291.160950
154.000000	291.308685	291.550232	291.152954
155.000000	291.307373	291.553528	291.145630
156.000000	291.305023	291.561462	291.137695
157.000000	291.302246	291.558838	291.127960
158.000000	291.301605	291.572876	291.120361
159.000000	291.300842	291.553650	291.118774
160.000000	291.300079	291.549622	291.119598
161.000000	291.297607	291.550629	291.119690
162.000000	291.296051	291.548706	291.115570
163.000000	291.292999	291.551331	291.110229
164.000000	291.292480	291.551636	291.107239
165.000000	291.290253	291.552643	291.103455
166.000000	291.289581	291.551422	291.098419
167.000000	291.288025	291.554840	291.088959
168.000000	291.286926	291.541626	291.078003
169.000000	291.286774	291.535950	291.070190
170.000000	291.287079	291.525146	291.063934
171.000000	291.289185	291.512421	291.061554
172.000000	291.291992	291.512451	291.062500
173.000000	291.293243	291.531464	291.067169
174.000000	291.295135	291.537262	291.074554
175.000000	291.297394	291.546112	291.083649
176.000000	291.298584	291.563019	291.094330
177.000000	291.302704	291.561462	291.103516
178.000000	291.305817	291.572296	291.109833
179.000000	291.307129	291.584412	291.111877
180.000000	291.308350	291.575897	291.111298
181.000000	291.318756	291.588806	291.114380
182.000000	291.325256	291.592926	291.108002
183.000000	291.328857	291.598297	291.100708
184.000000	291.330231	291.599915	291.092651
185.000000	291.334442	291.601318	291.087524
186.000000	291.336975	291.598267	291.086487
187.000000	291.340149	291.603943	291.093048
188.000000	291.343903	291.605072	291.107269
189.000000	291.349335	291.609650	291.124969
190.000000	291.355408	291.624207	291.142273
191.000000	291.358917	291.620880	291.158203
192.000000	291.362732	291.637238	291.169678
193.000000	291.367493	291.631897	291.173370
194.000000	291.371918	291.630188	291.168213
195.000000	291.376099	291.631409	291.159546
196.000000	291.382568	291.643219	291.154907
197.000000	291.385254	291.637024	291.149445
198.000000	291.388489	291.646332	291.149078
199.000000	291.392548	291.645508	291.152832
200.000000	291.395752	291.651215	291.160889
201.000000	291.398895	291.657471	291.171692
202.000000	291.403229	291.675140	291.183960
203.000000	291.405701	291.690094	291.195709
204.000000	291.410065	291.708435	291.205475
205.000000	291.415131	291.725403	291.211823
206.000000	291.418640	291.728638	291.216064
207.000000	291.422913	291.741119	291.220764
208.000000	291.428345	291.751068	291.223663
209.000000	291.432892	291.750793	291.225159
210.000000	291.438110	291.754303	291.225891
211.000000	291.441589	291.758118	291.222534
212.000000	291.438538	291.739288	291.209076
213.000000	291.438446	291.751770	291.203369
214.000000	291.439301	291.753510	291.202240
215.000000	291.441162	291.774536	291.203339
216.000000	291.441803	291.786285	291.203156
217.000000	291.443756	291.790955	291.200439
218.000000	291.445618	291.790070	291.196747
219.000000	291.448456	291.800415	291.196899
220.000000	291.453064	291.796753	291.199097
221.000000	291.457428	291.792847	291.203644
222.000000	291.460388	291.811920	291.208313
223.000000	291.464050	291.813141	291.214233
224.000000	291.466644	291.811279	291.220032
225.000000	291.467194	291.820831	291.226257
226.000000	291.469086	291.814758	291.231506
227.000000	291.472076	291.807068	291.236603
228.000000	291.470856	291.794189	291.237061
229.000000	291.471771	291.794983	291.235931
230.000000	291.471222	291.781464	291.233246
231.000000	291.471985	291.784790	291.230865
232.000000	291.471252	291.782043	291.230560
233.000000	291.469910	291.792358	291.230743
234.000000	291.470306	291.791992	291.231781
235.000000	291.470276	291.794739	291.233978
236.000000	291.468872	291.799652	291.237152
237.000000	291.468628	291.806183	291.243683
238.000000	291.467560	291.803833	291.252045
239.000000	291.467194	291.806213	291.258728
240.000000	291.467804	291.796936	291.263550
241.000000	291.465393	291.806335	291.265686
242.000000	291.461090	291.812256	291.263885
243.000000	291.447113	291.808441	291.247192
244.000000	291.442749	291.798950	291.237427
245.000000	291.438568	291.790619	291.227173
246.000000	291.433228	291.782013	291.218384
247.000000	291.426910	291.764832	291.214539
248.000000	291.420563	291.754852	291.215576
249.000000	291.416992	291.742401	291.219879
250.000000	291.414246	291.738770	291.225555
251.000000	291.412231	291.737549	291.231659
252.000000	291.406250	291.738586	291.236115
253.000000	291.400024	291.736633	291.236511
254.000000	291.395020	291.730133	291.231842
255.000000	291.390320	291.712738	291.224121
256.000000	291.385376	291.713501	291.216003
257.000000	291.379486	291.693542	291.207123
258.000000	291.373749	291.685669	291.201050
259.000000	291.367157	291.679688	291.193420
260.000000	291.361908	291.673828	291.188843
261.000000	291.356049	291.659729	291.186340
262.000000	291.349762	291.652985	291.187042
263.000000	291.342407	291.651550	291.188507
264.000000	291.334534	291.651367	291.188080
265.000000	291.325409	291.646393	291.187012
266.000000	291.319031	291.636688	291.185730
267.000000	291.313080	291.630524	291.184326
268.000000	291.306122	291.608704	291.182434
269.000000	291.300079	291.597961	291.178406
270.000000	291.295959	291.603027	291.171814
271.000000	291.290283	291.597565	291.163300
272.000000	291.283112	291.586914	291.152313
273.000000	291.271973	291.573364	291.135345
274.000000	291.263428	291.563721	291.124237
275.000000	291.254791	291.559540	291.114227
276.000000	291.246277	291.551971	291.105682
277.000000	291.235809	291.538208	291.099152
278.000000	291.228271	291.529022	291.096039
279.000000	291.221436	291.532471	291.095062
280.000000	291.214630	291.518036	291.095123
281.000000	291.209106	291.521301	291.094971
282.000000	291.204132	291.513123	291.093658
283.000000	291.197754	291.504944	291.090637
284.000000	291.192688	291.489410	291.085999
285.000000	291.186523	291.465607	291.079498
286.000000	291.181183	291.472443	291.070160
287.000000	291.175293	291.472290	291.057587
288.000000	291.169952	291.476868	291.045044
289.000000	291.163849	291.473419	291.035522
290.000000	291.155487	291.468781	291.022766
291.000000	291.151276	291.455170	291.013794
292.000000	291.145660	291.448944	291.001801
293.000000	291.141113	291.443420	290.991669
294.000000	291.136261	291.437561	290.986115
295.000000	291.131866	291.441101	290.982697
296.000000	291.127869	291.436066	290.979767
297.000000	291.123322	291.433807	290.975372
298.000000	291.119080	291.419769	290.969330
299.000000	291.114960	291.433472	290.963928
300.000000	291.109650	291.423218	290.959869
301.000000	291.105438	291.417358	290.957733
302.000000	291.101654	291.409180	290.957855
303.000000	291.098724	291.396484	290.959076
304.000000	291.097229	291.383942	290.960907
305.000000	291.093597	291.393280	290.962097
306.000000	291.091949	291.396088	290.963287
307.000000	291.090240	291.401306	290.964447
308.000000	291.088623	291.404572	290.964752
309.000000	291.086853	291.404053	290.963226
310.000000	291.084839	291.413757	290.959961
311.000000	291.083893	291.419128	290.955414
312.000000	291.082306	291.412323	290.949493
313.000000	291.080902	291.395081	290.944366
314.000000	291.078766	291.400055	290.940521
315.000000	291.077911	291.396545	290.936981
316.000000	291.076691	291.385590	290.934143
317.000000	291.075806	291.382843	290.931366
318.000000	291.073700	291.373474	290.929596
319.000000	291.072693	291.369507	290.930084
320.000000	291.069763	291.373993	290.930481
321.000000	291.068115	291.373230	290.931854
322.000000	291.066467	291.365540	290.932556
323.000000	291.065552	291.361816	290.932556
324.000000	291.065552	291.364380	290.931885
325.000000	291.065918	291.361206	290.931396
326.000000	291.068542	291.360504	290.930756
327.000000	291.070435	291.360931	290.930847
328.000000	291.071655	291.365875	290.931030
329.000000	291.072113	291.375641	290.931396
330.000000	291.072296	291.384247	290.932343
331.000000	291.072693	291.405548	290.934662
332.000000	291.073608	291.413849	290.938995
333.000000	291.075836	291.422424	290.944824
334.000000	291.081818	291.424561	290.954956
335.000000	291.084137	291.408234	290.960876
336.000000	291.087952	291.410767	290.964447
337.000000	291.092072	291.411560	290.964355
338.000000	291.095306	291.415741	290.961426
339.000000	291.098419	291.420349	290.958618
340.000000	291.100006	291.429565	290.954956
341.000000	291.101868	291.431366	290.950562
342.000000	291.102875	291.432281	290.946136
343.000000	291.106384	291.445038	290.944824
344.000000	291.108856	291.450317	290.948090
345.000000	291.113525	291.442322	290.954254
346.000000	291.116760	291.432190	290.960175
347.000000	291.120300	291.431152	290.962677
348.000000	291.124176	291.435974	290.961212
349.000000	291.129700	291.438751	290.959351
350.000000	291.132996	291.445953	290.957886
351.000000	291.136627	291.454773	290.962128
352.000000	291.142242	291.454895	290.969208
353.000000	291.146942	291.463531	290.979736
354.000000	291.154083	291.478638	290.990479
355.000000	291.159424	291.476501	291.002838
356.000000	291.163696	291.481354	291.017120
357.000000	291.170380	291.480255	291.034149
358.000000	291.176270	291.484741	291.049774
359.000000	291.182404	291.482727	291.061462
360.000000	291.187592	291.472107	291.068481
361.000000	291.193756	291.465454	291.071167
362.000000	291.200165	291.459259	291.069916
363.000000	291.206543	291.460907	291.065063
364.000000	291.211884	291.469299	291.058167
