  -2.86370015       7.00378660E-05
  -2.72092009       2.80151464E-04
  -2.57814026       7.70416518E-04
  -2.43536043       5.46295336E-03
  -2.29258037       2.55638193E-02
  -2.14980054       6.94775581E-02
  -2.00702047      0.169281512    
  -1.86424065      0.336111695    
  -1.72146082      0.530887008    
  -1.57868087      0.664729357    
  -1.43590093      0.684970319    
  -1.29312098      0.554839969    
  -1.15034115      0.397184730    
  -1.00756121      0.312368870    
 -0.864781380      0.333800465    
 -0.722001314      0.361815602    
 -0.579221487      0.317691743    
 -0.436441422      0.175935119    
 -0.293661594       6.39445707E-02
 -0.150881767       9.94537678E-03
  -8.10170174E-03   1.89102232E-03
  0.134678125       2.66143889E-03
  0.277457952       4.06219624E-03
  0.420238018       3.43185524E-03
  0.563017845       5.32287778E-03
  0.705797911       8.05435423E-03
  0.848577738       1.10659823E-02
  0.991357565       1.50581403E-02
   1.13413763       2.07312070E-02
   1.27691746       2.76649557E-02
   1.41969728       3.26376446E-02
   1.56247711       4.09021117E-02
   1.70525742       5.04973009E-02
   1.84803724       5.84115796E-02
   1.99081707       6.51352108E-02
   2.13359690       7.52206668E-02
   2.27637672       8.56563076E-02
   2.41915703       9.56016853E-02
   2.56193686      0.103656039    
   2.70471668      0.103656039    
   2.84749651      0.111150086    
   2.99027634      0.113601416    
   3.13305616      0.113741487    
   3.27583647      0.111990541    
   3.41861629      0.100574374    
   3.56139612      0.102255277    
   3.70417595       8.71971399E-02
   3.84695578       7.72517622E-02
   3.98973608       6.61157444E-02
   4.13251591       6.18434325E-02
   4.27529573       5.01471087E-02
   4.41807556       3.92212048E-02
   4.56085539       3.38983275E-02
   4.70363569       2.71046534E-02
   4.84641552       2.24821549E-02
   4.98919535       1.71592757E-02
   5.13197517       1.34472698E-02
   5.27475548       8.75473302E-03
   5.41753483       6.86371047E-03
   5.56031513       4.62249899E-03
   5.70309448       3.15170386E-03
   5.84587479       1.75094663E-03
   5.98865509       1.05056795E-03
   6.13143444       7.70416518E-04
   6.27421474       7.00378616E-04
   6.41699409       2.10113591E-04
   6.55977440       2.10113591E-04
