   0.00000000       0.00000000    
   2.00000000       3.94779054E-05
   4.00000000       1.57905393E-04
   6.00000000       3.55263735E-04
   8.00000000       6.31521863E-04
   10.0000000       9.86635918E-04
   12.0000000       1.42055005E-03
   14.0000000       1.93319574E-03
   16.0000000       2.52449210E-03
   18.0000000       3.19434446E-03
   20.0000000       3.94264935E-03
   22.0000000       4.76928754E-03
   24.0000000       5.67412795E-03
   26.0000000       6.65702857E-03
   28.0000000       7.71783385E-03
   30.0000000       8.85637477E-03
   32.0000000       1.00724762E-02
   34.0000000       1.13659399E-02
   36.0000000       1.27365626E-02
   38.0000000       1.41841331E-02
   40.0000000       1.57084204E-02
   42.0000000       1.73091814E-02
   44.0000000       1.89861655E-02
   46.0000000       2.07391046E-02
   48.0000000       2.25677285E-02
   50.0000000       2.44717449E-02
   52.0000000       2.64508501E-02
   54.0000000       2.85047330E-02
   56.0000000       3.06330789E-02
   58.0000000       3.28355283E-02
   60.0000000       3.51117551E-02
   62.0000000       3.74613963E-02
   64.0000000       3.98840830E-02
   66.0000000       4.23794165E-02
   68.0000000       4.49470244E-02
   70.0000000       4.75864746E-02
   72.0000000       5.02973758E-02
   74.0000000       5.30792885E-02
   76.0000000       5.59317768E-02
   78.0000000       5.88543899E-02
   80.0000000       6.18466698E-02
   82.0000000       6.49081394E-02
   84.0000000       6.80382997E-02
   86.0000000       7.12366775E-02
   88.0000000       7.45027736E-02
   90.0000000       7.78360516E-02
   92.0000000       8.12359899E-02
   94.0000000       8.47020596E-02
   96.0000000       8.82337093E-02
   98.0000000       9.18303654E-02
   100.000000       9.54915062E-02
   102.000000       9.92165133E-02
   104.000000      0.103004813    
   106.000000      0.106855780    
   108.000000      0.110768855    
   110.000000      0.114743389    
   112.000000      0.118778773    
   114.000000      0.122874312    
   116.000000      0.127029419    
   118.000000      0.131243452    
   120.000000      0.135515675    
   122.000000      0.139845490    
   124.000000      0.144232169    
   126.000000      0.148675039    
   128.000000      0.153173372    
   130.000000      0.157726452    
   132.000000      0.162333578    
   134.000000      0.166994095    
   136.000000      0.171707168    
   138.000000      0.176472023    
   140.000000      0.181288004    
   142.000000      0.186154351    
   144.000000      0.191070184    
   146.000000      0.196034849    
   148.000000      0.201047510    
   150.000000      0.206107423    
   152.000000      0.211213648    
   154.000000      0.216365516    
   156.000000      0.221562192    
   158.000000      0.226802871    
   160.000000      0.232086629    
   162.000000      0.237412676    
   164.000000      0.242780253    
   166.000000      0.248188421    
   168.000000      0.253636301    
   170.000000      0.259123176    
   172.000000      0.264648020    
   174.000000      0.270210087    
   176.000000      0.275808454    
   178.000000      0.281442136    
   180.000000      0.287110418    
   182.000000      0.292812258    
   184.000000      0.298546791    
   186.000000      0.304313242    
   188.000000      0.310110480    
   190.000000      0.315937698    
   192.000000      0.321794093    
   194.000000      0.327678591    
   196.000000      0.333590239    
   198.000000      0.339528263    
   200.000000      0.345491499    
   202.000000      0.351479292    
   204.000000      0.357490450    
   206.000000      0.363524020    
   208.000000      0.369579315    
   210.000000      0.375655055    
   212.000000      0.381750494    
   214.000000      0.387864679    
   216.000000      0.393996477    
   218.000000      0.400144994    
   220.000000      0.406309426    
   222.000000      0.412488520    
   224.000000      0.418681443    
   226.000000      0.424887180    
   228.000000      0.431104839    
   230.000000      0.437333465    
   232.000000      0.443571806    
   234.000000      0.449819148    
   236.000000      0.456074446    
   238.000000      0.462336630    
   240.000000      0.468604773    
   242.000000      0.474877834    
   244.000000      0.481154948    
   246.000000      0.487435043    
   248.000000      0.493716955    
   250.000000      0.499999970    
   252.000000      0.506283045    
   254.000000      0.512565017    
   256.000000      0.518845141    
   258.000000      0.525122166    
   260.000000      0.531395257    
   262.000000      0.537663400    
   264.000000      0.543925583    
   266.000000      0.550180852    
   268.000000      0.556428194    
   270.000000      0.562666655    
   272.000000      0.568895221    
   274.000000      0.575112820    
   276.000000      0.581318617    
   278.000000      0.587511539    
   280.000000      0.593690634    
   282.000000      0.599855065    
   284.000000      0.606003642    
   286.000000      0.612135410    
   288.000000      0.618249536    
   290.000000      0.624344885    
   292.000000      0.630420685    
   294.000000      0.636475980    
   296.000000      0.642509699    
   298.000000      0.648520827    
   300.000000      0.654508591    
   302.000000      0.660471857    
   304.000000      0.666409791    
   306.000000      0.672321498    
   308.000000      0.678205907    
   310.000000      0.684062302    
   312.000000      0.689889550    
   314.000000      0.695686936    
   316.000000      0.701453328    
   318.000000      0.707187772    
   320.000000      0.712889671    
   322.000000      0.718557894    
   324.000000      0.724191606    
   326.000000      0.729789913    
   328.000000      0.735352099    
   330.000000      0.740876853    
   332.000000      0.746363699    
   334.000000      0.751811683    
   336.000000      0.757219791    
   338.000000      0.762587309    
   340.000000      0.767913461    
   342.000000      0.773197234    
   344.000000      0.778437853    
   346.000000      0.783634484    
   348.000000      0.788786352    
   350.000000      0.793892622    
   352.000000      0.798952520    
   354.000000      0.803965211    
   356.000000      0.808929801    
   358.000000      0.813845634    
   360.000000      0.818712115    
   362.000000      0.823527932    
   364.000000      0.828292966    
   366.000000      0.833005965    
   368.000000      0.837666392    
   370.000000      0.842273593    
   372.000000      0.846826732    
   374.000000      0.851324975    
   376.000000      0.855767846    
   378.000000      0.860154569    
   380.000000      0.864484310    
   382.000000      0.868756533    
   384.000000      0.872970641    
   386.000000      0.877125740    
   388.000000      0.881221294    
   390.000000      0.885256648    
   392.000000      0.889231145    
   394.000000      0.893144190    
   396.000000      0.896995246    
   398.000000      0.900783479    
   400.000000      0.904508531    
   402.000000      0.908169568    
   404.000000      0.911766350    
   406.000000      0.915297985    
   408.000000      0.918763995    
   410.000000      0.922164023    
   412.000000      0.925497234    
   414.000000      0.928763270    
   416.000000      0.931961775    
   418.000000      0.935091913    
   420.000000      0.938153327    
   422.000000      0.941145658    
   424.000000      0.944068313    
   426.000000      0.946920753    
   428.000000      0.949702621    
   430.000000      0.952413619    
   432.000000      0.955053031    
   434.000000      0.957620561    
   436.000000      0.960115969    
   438.000000      0.962538540    
   440.000000      0.964888334    
   442.000000      0.967164516    
   444.000000      0.969366968    
   446.000000      0.971495211    
   448.000000      0.973549247    
   450.000000      0.975528300    
   452.000000      0.977432311    
   454.000000      0.979260862    
   456.000000      0.981013775    
   458.000000      0.982690811    
   460.000000      0.984291613    
   462.000000      0.985815883    
   464.000000      0.987263381    
   466.000000      0.988634050    
   468.000000      0.989927530    
   470.000000      0.991143584    
   472.000000      0.992282212    
   474.000000      0.993342996    
   476.000000      0.994325817    
   478.000000      0.995230794    
   480.000000      0.996057332    
   482.000000      0.996805608    
   484.000000      0.997475564    
   486.000000      0.998066783    
   488.000000      0.998579383    
   490.000000      0.999013305    
   492.000000      0.999368548    
   494.000000      0.999644816    
   496.000000      0.999842048    
   498.000000      0.999960542    
   500.000000       1.00000000    
   502.000000      0.999960542    
   504.000000      0.999842048    
   506.000000      0.999644816    
   508.000000      0.999368548    
   510.000000      0.999013305    
   512.000000      0.998579383    
   514.000000      0.998066783    
   516.000000      0.997475564    
   518.000000      0.996805608    
   520.000000      0.996057332    
   522.000000      0.995230675    
   524.000000      0.994325817    
   526.000000      0.993342876    
   528.000000      0.992282212    
   530.000000      0.991143584    
   532.000000      0.989927530    
   534.000000      0.988634050    
   536.000000      0.987263381    
   538.000000      0.985815883    
   540.000000      0.984291494    
   542.000000      0.982690811    
   544.000000      0.981013775    
   546.000000      0.979260862    
   548.000000      0.977432311    
   550.000000      0.975528181    
   552.000000      0.973549128    
   554.000000      0.971495211    
   556.000000      0.969366848    
   558.000000      0.967164397    
   560.000000      0.964888215    
   562.000000      0.962538660    
   564.000000      0.960115969    
   566.000000      0.957620561    
   568.000000      0.955052912    
   570.000000      0.952413499    
   572.000000      0.949702501    
   574.000000      0.946920753    
   576.000000      0.944068313    
   578.000000      0.941145539    
   580.000000      0.938153327    
   582.000000      0.935091794    
   584.000000      0.931961656    
   586.000000      0.928763270    
   588.000000      0.925497234    
   590.000000      0.922164023    
   592.000000      0.918763995    
   594.000000      0.915297985    
   596.000000      0.911766231    
   598.000000      0.908169568    
   600.000000      0.904508412    
   602.000000      0.900783479    
   604.000000      0.896995246    
   606.000000      0.893144190    
   608.000000      0.889231145    
   610.000000      0.885256648    
   612.000000      0.881221175    
   614.000000      0.877125621    
   616.000000      0.872970521    
   618.000000      0.868756652    
   620.000000      0.864484191    
   622.000000      0.860154569    
   624.000000      0.855767846    
   626.000000      0.851324975    
   628.000000      0.846826613    
   630.000000      0.842273474    
   632.000000      0.837666333    
   634.000000      0.833005965    
   636.000000      0.828292847    
   638.000000      0.823527932    
   640.000000      0.818711877    
   642.000000      0.813845515    
   644.000000      0.808929801    
   646.000000      0.803965032    
   648.000000      0.798952520    
   650.000000      0.793892741    
   652.000000      0.788786352    
   654.000000      0.783634365    
   656.000000      0.778437674    
   658.000000      0.773197114    
   660.000000      0.767913222    
   662.000000      0.762587309    
   664.000000      0.757219672    
   666.000000      0.751811445    
   668.000000      0.746363580    
   670.000000      0.740876734    
   672.000000      0.735351980    
   674.000000      0.729789853    
   676.000000      0.724191666    
   678.000000      0.718557775    
   680.000000      0.712889552    
   682.000000      0.707187772    
   684.000000      0.701453149    
   686.000000      0.695686817    
   688.000000      0.689889491    
   690.000000      0.684062123    
   692.000000      0.678205907    
   694.000000      0.672321320    
   696.000000      0.666409791    
   698.000000      0.660471737    
   700.000000      0.654508531    
   702.000000      0.648520768    
   704.000000      0.642509520    
   706.000000      0.636475980    
   708.000000      0.630420625    
   710.000000      0.624345005    
   712.000000      0.618249416    
   714.000000      0.612135530    
   716.000000      0.606003523    
   718.000000      0.599854887    
   720.000000      0.593690455    
   722.000000      0.587511480    
   724.000000      0.581318676    
   726.000000      0.575112760    
   728.000000      0.568895042    
   730.000000      0.562666416    
   732.000000      0.556428134    
   734.000000      0.550180674    
   736.000000      0.543925524    
   738.000000      0.537663519    
   740.000000      0.531395257    
   742.000000      0.525122046    
   744.000000      0.518844903    
   746.000000      0.512564957    
   748.000000      0.506282866    
   750.000000      0.499999970    
   752.000000      0.493716866    
   754.000000      0.487434775    
   756.000000      0.481154889    
   758.000000      0.474877656    
   760.000000      0.468604684    
   762.000000      0.462336451    
   764.000000      0.456074446    
   766.000000      0.449819088    
   768.000000      0.443571657    
   770.000000      0.437333375    
   772.000000      0.431104690    
   774.000000      0.424887180    
   776.000000      0.418681383    
   778.000000      0.412488520    
   780.000000      0.406309277    
   782.000000      0.400144845    
   784.000000      0.393996477    
   786.000000      0.387864530    
   788.000000      0.381750554    
   790.000000      0.375654995    
   792.000000      0.369579107    
   794.000000      0.363523811    
   796.000000      0.357490301    
   798.000000      0.351479203    
   800.000000      0.345491409    
   802.000000      0.339528263    
   804.000000      0.333590239    
   806.000000      0.327678442    
   808.000000      0.321793884    
   810.000000      0.315937638    
   812.000000      0.310110480    
   814.000000      0.304313093    
   816.000000      0.298546642    
   818.000000      0.292812020    
   820.000000      0.287110239    
   822.000000      0.281441957    
   824.000000      0.275808305    
   826.000000      0.270210147    
   828.000000      0.264648020    
   830.000000      0.259123057    
   832.000000      0.253636122    
   834.000000      0.248188332    
   836.000000      0.242780089    
   838.000000      0.237412646    
   840.000000      0.232086688    
   842.000000      0.226802841    
   844.000000      0.221562132    
   846.000000      0.216365382    
   848.000000      0.211213619    
   850.000000      0.206107259    
   852.000000      0.201047510    
   854.000000      0.196034774    
   856.000000      0.191070050    
   858.000000      0.186154276    
   860.000000      0.181287900    
   862.000000      0.176472023    
   864.000000      0.171707049    
   866.000000      0.166994095    
   868.000000      0.162333563    
   870.000000      0.157726333    
   872.000000      0.153173342    
   874.000000      0.148674920    
   876.000000      0.144232184    
   878.000000      0.139845431    
   880.000000      0.135515571    
   882.000000      0.131243259    
   884.000000      0.127029344    
   886.000000      0.122874312    
   888.000000      0.118778691    
   890.000000      0.114743412    
   892.000000      0.110768817    
   894.000000      0.106855705    
   896.000000      0.103004657    
   898.000000       9.92164537E-02
   900.000000       9.54915285E-02
   902.000000       9.18303505E-02
   904.000000       8.82337466E-02
   906.000000       8.47019106E-02
   908.000000       8.12359229E-02
   910.000000       7.78359175E-02
   912.000000       7.45027214E-02
   914.000000       7.12367073E-02
   916.000000       6.80382848E-02
   918.000000       6.49080649E-02
   920.000000       6.18465506E-02
   922.000000       5.88543452E-02
   924.000000       5.59316911E-02
   926.000000       5.30792698E-02
   928.000000       5.02974205E-02
   930.000000       4.75864746E-02
   932.000000       4.49469760E-02
   934.000000       4.23793346E-02
   936.000000       3.98840532E-02
   938.000000       3.74613404E-02
   940.000000       3.51117514E-02
   942.000000       3.28354910E-02
   944.000000       3.06330007E-02
   946.000000       2.85047088E-02
   948.000000       2.64507979E-02
   950.000000       2.44717356E-02
   952.000000       2.25676931E-02
   954.000000       2.07391102E-02
   956.000000       1.89861450E-02
   958.000000       1.73091348E-02
   960.000000       1.57084130E-02
   962.000000       1.41841015E-02
   964.000000       1.27365645E-02
   966.000000       1.13659194E-02
   968.000000       1.00724837E-02
   970.000000       8.85632169E-03
   972.000000       7.71780638E-03
   974.000000       6.65702717E-03
   976.000000       5.67411212E-03
   978.000000       4.76929266E-03
   980.000000       3.94264190E-03
   982.000000       3.19432677E-03
   984.000000       2.52446556E-03
   986.000000       1.93318503E-03
   988.000000       1.42055168E-03
   990.000000       9.86631028E-04
   992.000000       6.31525065E-04
   994.000000       3.55262484E-04
   996.000000       1.57902090E-04
   998.000000       3.94750314E-05
   1000.00000       7.64274186E-15
   1002.00000       3.94772323E-05
   1004.00000       1.57906485E-04
   1006.00000       3.55269091E-04
   1008.00000       6.31533738E-04
   1010.00000       9.86641971E-04
   1012.00000       1.42054691E-03
   1014.00000       1.93322136E-03
   1016.00000       2.52450700E-03
   1018.00000       3.19434656E-03
   1020.00000       3.94266332E-03
   1022.00000       4.76928335E-03
   1024.00000       5.67417406E-03
   1026.00000       6.65705511E-03
   1028.00000       7.71783805E-03
   1030.00000       8.85635335E-03
   1032.00000       1.00724706E-02
   1034.00000       1.13660069E-02
   1036.00000       1.27366045E-02
   1038.00000       1.41841434E-02
   1040.00000       1.57083943E-02
   1042.00000       1.73092410E-02
   1044.00000       1.89861897E-02
   1046.00000       2.07391605E-02
   1048.00000       2.25677434E-02
   1050.00000       2.44717132E-02
   1052.00000       2.64509283E-02
   1054.00000       2.85047684E-02
   1056.00000       3.06330621E-02
   1058.00000       3.28355506E-02
   1060.00000       3.51117291E-02
   1062.00000       3.74614969E-02
   1064.00000       3.98841240E-02
   1066.00000       4.23794091E-02
   1068.00000       4.49470505E-02
   1070.00000       4.75865528E-02
   1072.00000       5.02974950E-02
   1074.00000       5.30793518E-02
   1076.00000       5.59317768E-02
   1078.00000       5.88543154E-02
   1080.00000       6.18467517E-02
   1082.00000       6.49081543E-02
   1084.00000       6.80383593E-02
   1086.00000       7.12366775E-02
   1088.00000       7.45029375E-02
   1090.00000       7.78361484E-02
   1092.00000       8.12360048E-02
   1094.00000       8.47020075E-02
   1096.00000       8.82337093E-02
   1098.00000       9.18305814E-02
   1100.00000       9.54916403E-02
   1102.00000       9.92165506E-02
   1104.00000      0.103004754    
   1106.00000      0.106855802    
   1108.00000      0.110768937    
   1110.00000      0.114743531    
   1112.00000      0.118778795    
   1114.00000      0.122874267    
   1116.00000      0.127029613    
   1118.00000      0.131243542    
   1120.00000      0.135515675    
   1122.00000      0.139845565    
   1124.00000      0.144232139    
   1126.00000      0.148675218    
   1128.00000      0.153173462    
   1130.00000      0.157726452    
   1132.00000      0.162333682    
   1134.00000      0.166994050    
   1136.00000      0.171707362    
   1138.00000      0.176472142    
   1140.00000      0.181288019    
   1142.00000      0.186154231    
   1144.00000      0.191070363    
   1146.00000      0.196034908    
   1148.00000      0.201047659    
   1150.00000      0.206107423    
   1152.00000      0.211213559    
   1154.00000      0.216365710    
   1156.00000      0.221562266    
   1158.00000      0.226802990    
   1160.00000      0.232086629    
   1162.00000      0.237412617    
   1164.00000      0.242780432    
   1166.00000      0.248188481    
   1168.00000      0.253636301    
   1170.00000      0.259123236    
   1172.00000      0.264648199    
   1174.00000      0.270210326    
   1176.00000      0.275808513    
   1178.00000      0.281442076    
   1180.00000      0.287110239    
   1182.00000      0.292812407    
   1184.00000      0.298546791    
   1186.00000      0.304313302    
   1188.00000      0.310110420    
   1190.00000      0.315938056    
   1192.00000      0.321794212    
   1194.00000      0.327678591    
   1196.00000      0.333590358    
   1198.00000      0.339528203    
   1200.00000      0.345491856    
   1202.00000      0.351479441    
   1204.00000      0.357490450    
   1206.00000      0.363523960    
   1208.00000      0.369579256    
   1210.00000      0.375655204    
   1212.00000      0.381750703    
   1214.00000      0.387864679    
   1216.00000      0.393996418    
   1218.00000      0.400145292    
   1220.00000      0.406309485    
   1222.00000      0.412488669    
   1224.00000      0.418681532    
   1226.00000      0.424887180    
   1228.00000      0.431105167    
   1230.00000      0.437333554    
   1232.00000      0.443571806    
   1234.00000      0.449819237    
   1236.00000      0.456074357    
   1238.00000      0.462336868    
   1240.00000      0.468604922    
   1242.00000      0.474877834    
   1244.00000      0.481154799    
   1246.00000      0.487435192    
   1248.00000      0.493717045    
   1250.00000      0.500000179    
   1252.00000      0.506283045    
   1254.00000      0.512564957    
   1256.00000      0.518845320    
   1258.00000      0.525122225    
   1260.00000      0.531395435    
   1262.00000      0.537663460    
   1264.00000      0.543925941    
   1266.00000      0.550181150    
   1268.00000      0.556428313    
   1270.00000      0.562666595    
   1272.00000      0.568895221    
   1274.00000      0.575113177    
   1276.00000      0.581318617    
   1278.00000      0.587511659    
   1280.00000      0.593690813    
   1282.00000      0.599854767    
   1284.00000      0.606003881    
   1286.00000      0.612135410    
   1288.00000      0.618249595    
   1290.00000      0.624345183    
   1292.00000      0.630421102    
   1294.00000      0.636476398    
   1296.00000      0.642509699    
   1298.00000      0.648520947    
   1300.00000      0.654508233    
   1302.00000      0.660472155    
   1304.00000      0.666409671    
   1306.00000      0.672321498    
   1308.00000      0.678206086    
   1310.00000      0.684062064    
   1312.00000      0.689889848    
   1314.00000      0.695686817    
   1316.00000      0.701453209    
   1318.00000      0.707187891    
   1320.00000      0.712889850    
   1322.00000      0.718558192    
   1324.00000      0.724191606    
   1326.00000      0.729790032    
   1328.00000      0.735352099    
   1330.00000      0.740877032    
   1332.00000      0.746363997    
   1334.00000      0.751811564    
   1336.00000      0.757219911    
   1338.00000      0.762587428    
   1340.00000      0.767913640    
   1342.00000      0.773197114    
   1344.00000      0.778437853    
   1346.00000      0.783634603    
   1348.00000      0.788786530    
   1350.00000      0.793892860    
   1352.00000      0.798952401    
   1354.00000      0.803965092    
   1356.00000      0.808929920    
   1358.00000      0.813845873    
   1360.00000      0.818712234    
   1362.00000      0.823527932    
   1364.00000      0.828292966    
   1366.00000      0.833006024    
   1368.00000      0.837666512    
   1370.00000      0.842273831    
   1372.00000      0.846826613    
   1374.00000      0.851324975    
   1376.00000      0.855767965    
   1378.00000      0.860154688    
   1380.00000      0.864484549    
   1382.00000      0.868756533    
   1384.00000      0.872970641    
   1386.00000      0.877125859    
   1388.00000      0.881221414    
   1390.00000      0.885256529    
   1392.00000      0.889231145    
   1394.00000      0.893144310    
   1396.00000      0.896995306    
   1398.00000      0.900783598    
   1400.00000      0.904508412    
   1402.00000      0.908169568    
   1404.00000      0.911766350    
   1406.00000      0.915298104    
   1408.00000      0.918764114    
   1410.00000      0.922163904    
   1412.00000      0.925497234    
   1414.00000      0.928763390    
   1416.00000      0.931961775    
   1418.00000      0.935092032    
   1420.00000      0.938153327    
   1422.00000      0.941145778    
   1424.00000      0.944068313    
   1426.00000      0.946920812    
   1428.00000      0.949702501    
   1430.00000      0.952413499    
   1432.00000      0.955052912    
   1434.00000      0.957620680    
   1436.00000      0.960116029    
   1438.00000      0.962538540    
   1440.00000      0.964888453    
   1442.00000      0.967164516    
   1444.00000      0.969366968    
   1446.00000      0.971495330    
   1448.00000      0.973549128    
   1450.00000      0.975528419    
   1452.00000      0.977432311    
   1454.00000      0.979260981    
   1456.00000      0.981013894    
   1458.00000      0.982690811    
   1460.00000      0.984291732    
   1462.00000      0.985815883    
   1464.00000      0.987263501    
   1466.00000      0.988634050    
   1468.00000      0.989927649    
   1470.00000      0.991143703    
   1472.00000      0.992282212    
   1474.00000      0.993342996    
   1476.00000      0.994325817    
   1478.00000      0.995230794    
   1480.00000      0.996057332    
   1482.00000      0.996805727    
   1484.00000      0.997475564    
   1486.00000      0.998066783    
   1488.00000      0.998579502    
   1490.00000      0.999013305    
   1492.00000      0.999368548    
   1494.00000      0.999644816    
   1496.00000      0.999842048    
   1498.00000      0.999960542    
   1500.00000       1.00000000    
   1502.00000      0.999960542    
   1504.00000      0.999842048    
   1506.00000      0.999644697    
   1508.00000      0.999368429    
   1510.00000      0.999013305    
   1512.00000      0.998579383    
   1514.00000      0.998066783    
   1516.00000      0.997475445    
   1518.00000      0.996805727    
   1520.00000      0.996057332    
   1522.00000      0.995230675    
   1524.00000      0.994325817    
   1526.00000      0.993342876    
   1528.00000      0.992282212    
   1530.00000      0.991143584    
   1532.00000      0.989927530    
   1534.00000      0.988634050    
   1536.00000      0.987263381    
   1538.00000      0.985815883    
   1540.00000      0.984291613    
   1542.00000      0.982690811    
   1544.00000      0.981013775    
   1546.00000      0.979260743    
   1548.00000      0.977432311    
   1550.00000      0.975528181    
   1552.00000      0.973549128    
   1554.00000      0.971495211    
   1556.00000      0.969366968    
   1558.00000      0.967164516    
   1560.00000      0.964888215    
   1562.00000      0.962538540    
   1564.00000      0.960115850    
   1566.00000      0.957620680    
   1568.00000      0.955052912    
   1570.00000      0.952413499    
   1572.00000      0.949702501    
   1574.00000      0.946920633    
   1576.00000      0.944068313    
   1578.00000      0.941145539    
   1580.00000      0.938153207    
   1582.00000      0.935091794    
   1584.00000      0.931961536    
   1586.00000      0.928763390    
   1588.00000      0.925496995    
   1590.00000      0.922163904    
   1592.00000      0.918763876    
   1594.00000      0.915297985    
   1596.00000      0.911766350    
   1598.00000      0.908169389    
   1600.00000      0.904508412    
   1602.00000      0.900783360    
   1604.00000      0.896995306    
   1606.00000      0.893144310    
   1608.00000      0.889231145    
   1610.00000      0.885256529    
   1612.00000      0.881221056    
   1614.00000      0.877125740    
   1616.00000      0.872970283    
   1618.00000      0.868756533    
   1620.00000      0.864484191    
   1622.00000      0.860154331    
   1624.00000      0.855767965    
   1626.00000      0.851324677    
   1628.00000      0.846826613    
   1630.00000      0.842273355    
   1632.00000      0.837666214    
   1634.00000      0.833006024    
   1636.00000      0.828292489    
   1638.00000      0.823527932    
   1640.00000      0.818711877    
   1642.00000      0.813845873    
   1644.00000      0.808929443    
   1646.00000      0.803965092    
   1648.00000      0.798952401    
   1650.00000      0.793892443    
   1652.00000      0.788786471    
   1654.00000      0.783634186    
   1656.00000      0.778437734    
   1658.00000      0.773197114    
   1660.00000      0.767913222    
   1662.00000      0.762587428    
   1664.00000      0.757219374    
   1666.00000      0.751811564    
   1668.00000      0.746363580    
   1670.00000      0.740876615    
   1672.00000      0.735351682    
   1674.00000      0.729789495    
   1676.00000      0.724191606    
   1678.00000      0.718557775    
   1680.00000      0.712889850    
   1682.00000      0.707187474    
   1684.00000      0.701453209    
   1686.00000      0.695686758    
   1688.00000      0.689889371    
   1690.00000      0.684062064    
   1692.00000      0.678205609    
   1694.00000      0.672321498    
   1696.00000      0.666409671    
   1698.00000      0.660471678    
   1700.00000      0.654508233    
   1702.00000      0.648520470    
   1704.00000      0.642509699    
   1706.00000      0.636475921    
   1708.00000      0.630420625    
   1710.00000      0.624344647    
   1712.00000      0.618249118    
   1714.00000      0.612135410    
   1716.00000      0.606003463    
   1718.00000      0.599854767    
   1720.00000      0.593690395    
   1722.00000      0.587511182    
   1724.00000      0.581318617    
   1726.00000      0.575112641    
   1728.00000      0.568894923    
   1730.00000      0.562666297    
   1732.00000      0.556428313    
   1734.00000      0.550180852    
   1736.00000      0.543925405    
   1738.00000      0.537663221    
   1740.00000      0.531394899    
   1742.00000      0.525122225    
   1744.00000      0.518845081    
   1746.00000      0.512564898    
   1748.00000      0.506282806    
   1750.00000      0.499999642    
   1752.00000      0.493717045    
   1754.00000      0.487434864    
   1756.00000      0.481154799    
   1758.00000      0.474877566    
   1760.00000      0.468604356    
   1762.00000      0.462336630    
   1764.00000      0.456073880    
   1766.00000      0.449818999    
   1768.00000      0.443571568    
   1770.00000      0.437333554    
   1772.00000      0.431104839    
   1774.00000      0.424887121    
   1776.00000      0.418681204    
   1778.00000      0.412488192    
   1780.00000      0.406309426    
   1782.00000      0.400144994    
   1784.00000      0.393996328    
   1786.00000      0.387864470    
   1788.00000      0.381750196    
   1790.00000      0.375655115    
   1792.00000      0.369578809    
   1794.00000      0.363523960    
   1796.00000      0.357490152    
   1798.00000      0.351478934    
   1800.00000      0.345491558    
   1802.00000      0.339527696    
   1804.00000      0.333590090    
   1806.00000      0.327678293    
   1808.00000      0.321794212    
   1810.00000      0.315937787    
   1812.00000      0.310109943    
   1814.00000      0.304313034    
   1816.00000      0.298546582    
   1818.00000      0.292812318    
   1820.00000      0.287109971    
   1822.00000      0.281442076    
   1824.00000      0.275808245    
   1826.00000      0.270209819    
   1828.00000      0.264648139    
   1830.00000      0.259122759    
   1832.00000      0.253636241    
   1834.00000      0.248188272    
   1836.00000      0.242780030    
   1838.00000      0.237412393    
   1840.00000      0.232086226    
   1842.00000      0.226802751    
   1844.00000      0.221562043    
   1846.00000      0.216365710    
   1848.00000      0.211213335    
   1850.00000      0.206107005    
   1852.00000      0.201047450    
   1854.00000      0.196034715    
   1856.00000      0.191070348    
   1858.00000      0.186154023    
   1860.00000      0.181288004    
   1862.00000      0.176471949    
   1864.00000      0.171706975    
   1866.00000      0.166993856    
   1868.00000      0.162333325    
   1870.00000      0.157726452    
   1872.00000      0.153173268    
   1874.00000      0.148674875    
   1876.00000      0.144231945    
   1878.00000      0.139845207    
   1880.00000      0.135515675    
   1882.00000      0.131243348    
   1884.00000      0.127029270    
   1886.00000      0.122874103    
   1888.00000      0.118778490    
   1890.00000      0.114743344    
   1892.00000      0.110768773    
   1894.00000      0.106855646    
   1896.00000      0.103004597    
   1898.00000       9.92165282E-02
   1900.00000       9.54914689E-02
   1902.00000       9.18302983E-02
   1904.00000       8.82335678E-02
   1906.00000       8.47018585E-02
   1908.00000       8.12360048E-02
   1910.00000       7.78359994E-02
   1912.00000       7.45026767E-02
   1914.00000       7.12365359E-02
   1916.00000       6.80381134E-02
   1918.00000       6.49081394E-02
   1920.00000       6.18466251E-02
   1922.00000       5.88543080E-02
   1924.00000       5.59316538E-02
   1926.00000       5.30791245E-02
   1928.00000       5.02973795E-02
   1930.00000       4.75864410E-02
   1932.00000       4.49469388E-02
   1934.00000       4.23792973E-02
   1936.00000       3.98841128E-02
   1938.00000       3.74613963E-02
   1940.00000       3.51115428E-02
   1942.00000       3.28354575E-02
   1944.00000       3.06329690E-02
   1946.00000       2.85047591E-02
   1948.00000       2.64508463E-02
   1950.00000       2.44717076E-02
   1952.00000       2.25676671E-02
   1954.00000       2.07390189E-02
   1956.00000       1.89861860E-02
   1958.00000       1.73091739E-02
   1960.00000       1.57083906E-02
   1962.00000       1.41840819E-02
   1964.00000       1.27364919E-02
   1966.00000       1.13659510E-02
   1968.00000       1.00723719E-02
   1970.00000       8.85634962E-03
   1972.00000       7.71779194E-03
   1974.00000       6.65697362E-03
   1976.00000       5.67413494E-03
   1978.00000       4.76921443E-03
   1980.00000       3.94263072E-03
   1982.00000       3.19431676E-03
   1984.00000       2.52450490E-03
   1986.00000       1.93319842E-03
   1988.00000       1.42054504E-03
   1990.00000       9.86625673E-04
   1992.00000       6.31508650E-04
   1994.00000       3.55268159E-04
   1996.00000       1.57893897E-04
   1998.00000       3.94769340E-05
   2000.00000       3.05709674E-14
